L	0.04606	0.05785	1477010443000000	0.11000	0.10000	2.00000	0.00000
R	0.32933	0.74156	1.56321	1477010443050000	0.21000	0.20000	1.99924	0.05499
L	0.77727	0.39958	1477010443100000	0.31000	0.30000	1.99698	0.10994
R	0.55762	0.75991	1.68267	1477010443150000	0.41000	0.40000	1.99320	0.16481
L	0.51121	0.62807	1477010443200000	0.51000	0.50000	1.98791	0.21956
R	1.02176	0.75870	1.55077	1477010443250000	0.61000	0.60000	1.98112	0.27413
L	0.51348	0.72263	1477010443300000	0.71000	0.70000	1.97284	0.32850
R	1.14636	0.80149	1.58686	1477010443350000	0.81000	0.80000	1.96306	0.38263
L	0.90906	0.89309	1477010443400000	0.91000	0.90000	1.95179	0.43646
R	1.43642	0.78495	1.99769	1477010443450000	1.01000	1.00000	1.93906	0.48996
L	1.12600	1.14951	1477010443500000	1.11000	1.10000	1.92485	0.54309
R	1.56810	0.78153	2.05315	1477010443550000	1.21000	1.20000	1.90919	0.59582
L	1.13510	1.33749	1477010443600000	1.31000	1.30000	1.89208	0.64809
R	2.08764	0.77632	1.89055	1477010443650000	1.41000	1.40000	1.87355	0.69987
L	1.76544	1.69832	1477010443700000	1.51000	1.50000	1.85360	0.75112
R	1.90848	0.76596	1.79392	1477010443750000	1.61000	1.60000	1.83224	0.80180
L	1.66397	1.69453	1477010443800000	1.71000	1.70000	1.80950	0.85188
R	2.51431	0.77057	1.74680	1477010443850000	1.81000	1.80000	1.78540	0.90131
L	2.00887	1.60116	1477010443900000	1.91000	1.90000	1.75994	0.95006
R	2.72286	0.79886	1.87448	1477010443950000	2.01000	2.00000	1.73315	0.99810
L	2.41881	1.73598	1477010444000000	2.11000	2.10000	1.70505	1.04537
R	2.90534	0.78702	1.76173	1477010444050000	2.21000	2.20000	1.67566	1.09186
L	2.07287	1.95378	1477010444100000	2.31000	2.30000	1.64500	1.13752
R	3.28102	0.79283	2.00905	1477010444150000	2.41000	2.40000	1.61310	1.18233
L	2.54754	2.52189	1477010444200000	2.51000	2.50000	1.57998	1.22623
R	3.93812	0.77886	1.87334	1477010444250000	2.61000	2.60000	1.54567	1.26921
L	2.67714	2.77188	1477010444300000	2.71000	2.70000	1.51019	1.31123
R	3.83519	0.78885	2.10638	1477010444350000	2.81000	2.80000	1.47356	1.35226
L	3.16654	3.00264	1477010444400000	2.91000	2.90000	1.43582	1.39227
R	4.06477	0.78939	1.85867	1477010444450000	3.01000	3.00000	1.39700	1.43122
L	3.18695	3.27567	1477010444500000	3.11000	3.10000	1.35711	1.46910
R	4.56077	0.76197	1.94884	1477010444550000	3.21000	3.20000	1.31621	1.50586
L	3.41070	3.23674	1477010444600000	3.31000	3.30000	1.27430	1.54148
R	4.95757	0.79038	1.98430	1477010444650000	3.41000	3.40000	1.23144	1.57593
L	3.29652	3.30236	1477010444700000	3.51000	3.50000	1.18764	1.60920
R	5.21422	0.78873	2.00550	1477010444750000	3.61000	3.60000	1.14294	1.64125
L	3.68820	3.55526	1477010444800000	3.71000	3.70000	1.09738	1.67205
R	5.34264	0.79997	1.80882	1477010444850000	3.81000	3.80000	1.05099	1.70159
L	3.85928	4.12898	1477010444900000	3.91000	3.90000	1.00380	1.72985
R	5.57955	0.79622	1.77242	1477010444950000	4.01000	4.00000	0.95586	1.75680
L	4.19942	4.06344	1477010445000000	4.11000	4.10000	0.90719	1.78241
R	5.86148	0.78675	1.74530	1477010445050000	4.21000	4.20000	0.85784	1.80669
L	4.43018	4.22600	1477010445100000	4.31000	4.30000	0.80784	1.82959
R	6.23358	0.78689	1.46187	1477010445150000	4.41000	4.40000	0.75722	1.85111
L	4.49788	4.72414	1477010445200000	4.51000	4.50000	0.70604	1.87123
R	6.44364	0.78093	1.65774	1477010445250000	4.61000	4.60000	0.65432	1.88994
L	4.89756	4.63985	1477010445300000	4.71000	4.70000	0.60211	1.90722
R	6.54632	0.78382	1.68405	1477010445350000	4.81000	4.80000	0.54944	1.92305
L	4.80741	4.66630	1477010445400000	4.91000	4.90000	0.49635	1.93743
R	7.26749	0.78702	1.74065	1477010445450000	5.01000	5.00000	0.44289	1.95035
L	5.01564	5.37653	1477010445500000	5.11000	5.10000	0.38910	1.96179
R	7.33594	0.79244	1.45850	1477010445550000	5.21000	5.20000	0.33501	1.97174
L	5.49530	5.42762	1477010445600000	5.31000	5.30000	0.28066	1.98021
R	7.61094	0.77779	1.67512	1477010445650000	5.41000	5.40000	0.22611	1.98718
L	5.58067	5.47898	1477010445700000	5.51000	5.50000	0.17138	1.99264
R	8.07035	0.77510	1.38681	1477010445750000	5.61000	5.60000	0.11653	1.99660
L	5.90284	5.52919	1477010445800000	5.71000	5.70000	0.06158	1.99905
R	8.22469	0.77559	1.41097	1477010445850000	5.81000	5.80000	0.00659	1.99999
L	5.85589	5.88165	1477010445900000	5.91000	5.90000	-0.04840	1.99941
R	8.43816	0.78269	1.23638	1477010445950000	6.01000	6.00000	-0.10336	1.99733
L	6.03829	6.34341	1477010446000000	6.11000	6.10000	-0.15824	1.99373
R	8.68729	0.79352	1.10829	1477010446050000	6.21000	6.20000	-0.21300	1.98863
L	6.53251	6.39570	1477010446100000	6.31000	6.30000	-0.26760	1.98202
R	9.00623	0.78992	1.14503	1477010446150000	6.41000	6.40000	-0.32200	1.97391
L	6.75980	6.48337	1477010446200000	6.51000	6.50000	-0.37615	1.96431
R	9.09607	0.76317	0.94489	1477010446250000	6.61000	6.60000	-0.43002	1.95322
L	6.89750	6.63766	1477010446300000	6.71000	6.70000	-0.48357	1.94066
R	9.56275	0.76766	0.94200	1477010446350000	6.81000	6.80000	-0.53675	1.92663
L	6.85694	6.95903	1477010446400000	6.91000	6.90000	-0.58952	1.91114
R	9.85028	0.78874	0.82498	1477010446450000	7.01000	7.00000	-0.64185	1.89421
L	7.33692	7.14921	1477010446500000	7.11000	7.10000	-0.69369	1.87585
R	10.41713	0.77814	0.72786	1477010446550000	7.21000	7.20000	-0.74500	1.85606
L	7.33204	7.31993	1477010446600000	7.31000	7.30000	-0.79576	1.83488
R	10.60048	0.77934	0.71973	1477010446650000	7.41000	7.40000	-0.84591	1.81230
L	7.42713	7.40551	1477010446700000	7.51000	7.50000	-0.89542	1.78836
R	10.73133	0.76541	0.49251	1477010446750000	7.61000	7.60000	-0.94426	1.76306
L	7.86007	7.73493	1477010446800000	7.71000	7.70000	-0.99238	1.73643
R	11.29089	0.77081	0.64055	1477010446850000	7.81000	7.80000	-1.03975	1.70849
L	7.72130	8.10447	1477010446900000	7.91000	7.90000	-1.08633	1.67925
R	11.35698	0.78513	0.47807	1477010446950000	8.01000	8.00000	-1.13210	1.64874
L	8.21210	7.99025	1477010447000000	8.11000	8.10000	-1.17700	1.61699
R	11.67179	0.79662	0.12665	1477010447050000	8.21000	8.20000	-1.22102	1.58402
L	8.26638	8.32243	1477010447100000	8.31000	8.30000	-1.26411	1.54985
R	12.13275	0.78281	0.07495	1477010447150000	8.41000	8.40000	-1.30625	1.51450
L	8.65111	8.33936	1477010447200000	8.51000	8.50000	-1.34740	1.47801
R	12.20216	0.76860	0.08641	1477010447250000	8.61000	8.60000	-1.38753	1.44040
L	8.72739	8.69526	1477010447300000	8.71000	8.70000	-1.42661	1.40171
R	12.45677	0.76667	-0.43181	1477010447350000	8.81000	8.80000	-1.46461	1.36195
L	8.60088	9.02781	1477010447400000	8.91000	8.90000	-1.50151	1.32116
R	12.69422	0.75400	-0.04794	1477010447450000	9.01000	9.00000	-1.53727	1.27938
L	9.10376	8.80426	1477010447500000	9.11000	9.10000	-1.57187	1.23662
R	13.06309	0.78539	-0.13130	1477010447550000	9.21000	9.20000	-1.60527	1.19293
L	9.01899	9.27765	1477010447600000	9.31000	9.30000	-1.63747	1.14834
R	13.27622	0.78309	-0.31686	1477010447650000	9.41000	9.40000	-1.66843	1.10289
L	9.52896	9.59364	1477010447700000	9.51000	9.50000	-1.69812	1.05659
R	13.52402	0.80253	-0.66168	1477010447750000	9.61000	9.60000	-1.72653	1.00950
L	9.80874	9.48796	1477010447800000	9.71000	9.70000	-1.75364	0.96165
R	13.69257	0.77378	-0.61740	1477010447850000	9.81000	9.80000	-1.77941	0.91306
L	9.85517	9.92434	1477010447900000	9.91000	9.90000	-1.80385	0.86379
R	13.95327	0.78358	-0.82071	1477010447950000	10.01000	10.00000	-1.82692	0.81386
L	10.09406	10.00665	1477010448000000	10.11000	10.10000	-1.84860	0.76332
R	14.35141	0.78889	-1.03597	1477010448050000	10.21000	10.20000	-1.86889	0.71220
L	10.47960	10.31815	1477010448100000	10.31000	10.30000	-1.88777	0.66055
R	14.89897	0.79521	-0.84198	1477010448150000	10.41000	10.40000	-1.90522	0.60839
L	10.72229	10.42898	1477010448200000	10.51000	10.50000	-1.92123	0.55577
R	14.73765	0.79363	-1.28511	1477010448250000	10.61000	10.60000	-1.93578	0.50273
L	10.62258	10.83283	1477010448300000	10.71000	10.70000	-1.94888	0.44932
R	15.09988	0.75568	-0.94082	1477010448350000	10.81000	10.80000	-1.96049	0.39556
L	10.65670	10.93741	1477010448400000	10.91000	10.90000	-1.97063	0.34150
R	15.54835	0.79752	-1.36829	1477010448450000	11.01000	11.00000	-1.97927	0.28719
L	11.12863	11.03477	1477010448500000	11.11000	11.10000	-1.98642	0.23266
R	15.53893	0.77242	-1.24559	1477010448550000	11.21000	11.20000	-1.99207	0.17795
L	11.55508	11.26838	1477010448600000	11.31000	11.30000	-1.99621	0.12311
R	15.99526	0.77631	-1.32982	1477010448650000	11.41000	11.40000	-1.99884	0.06817
L	11.37879	11.52473	1477010448700000	11.51000	11.50000	-1.99996	0.01319
R	16.44789	0.78270	-1.36576	1477010448750000	11.61000	11.60000	-1.99956	-0.04181
L	11.64888	11.65911	1477010448800000	11.71000	11.70000	-1.99766	-0.09678
R	16.67275	0.82132	-1.48510	1477010448850000	11.81000	11.80000	-1.99424	-0.15167
L	11.89372	12.07288	1477010448900000	11.91000	11.90000	-1.98932	-0.20645
R	16.91812	0.77745	-1.53267	1477010448950000	12.01000	12.00000	-1.98289	-0.26107
L	11.86202	12.07191	1477010449000000	12.11000	12.10000	-1.97496	-0.31549
R	17.40637	0.80106	-1.70410	1477010449050000	12.21000	12.20000	-1.96554	-0.36968
L	12.34044	12.36393	1477010449100000	12.31000	12.30000	-1.95463	-0.42358
R	17.66832	0.78777	-1.71522	1477010449150000	12.41000	12.40000	-1.94224	-0.47717
L	12.47525	12.43502	1477010449200000	12.51000	12.50000	-1.92839	-0.53039
R	17.69893	0.78978	-1.77374	1477010449250000	12.61000	12.60000	-1.91308	-0.58322
L	12.85231	12.71138	1477010449300000	12.71000	12.70000	-1.89632	-0.63560
R	17.96973	0.78414	-1.91143	1477010449350000	12.81000	12.80000	-1.87812	-0.68750
L	12.93019	12.87595	1477010449400000	12.91000	12.90000	-1.85851	-0.73888
R	18.44636	0.76905	-1.71918	1477010449450000	13.01000	13.00000	-1.83749	-0.78971
L	13.14880	13.07522	1477010449500000	13.11000	13.10000	-1.81508	-0.83993
R	18.55680	0.78340	-1.88933	1477010449550000	13.21000	13.20000	-1.79130	-0.88952
L	13.27081	13.46133	1477010449600000	13.31000	13.30000	-1.76616	-0.93844
R	18.90478	0.77235	-1.81746	1477010449650000	13.41000	13.40000	-1.73969	-0.98665
L	13.58736	13.41893	1477010449700000	13.51000	13.50000	-1.71190	-1.03411
R	19.22244	0.77655	-1.91331	1477010449750000	13.61000	13.60000	-1.68282	-1.08079
L	13.71997	13.54976	1477010449800000	13.71000	13.70000	-1.65247	-1.12665
R	19.51845	0.76998	-1.98668	1477010449850000	13.81000	13.80000	-1.62086	-1.17167
L	13.83636	14.10817	1477010449900000	13.91000	13.90000	-1.58803	-1.21579
R	19.82748	0.75247	-2.16069	1477010449950000	14.01000	14.00000	-1.55400	-1.25900
L	14.04198	14.33284	1477010450000000	14.11000	14.10000	-1.51880	-1.30125
R	20.01643	0.75892	-2.40250	1477010450050000	14.21000	14.20000	-1.48244	-1.34252
L	14.39895	14.32734	1477010450100000	14.31000	14.30000	-1.44497	-1.38277
R	20.24689	0.78194	-1.87233	1477010450150000	14.41000	14.40000	-1.40640	-1.42198
L	14.62081	14.25040	1477010450200000	14.51000	14.50000	-1.36677	-1.46012
R	20.57475	0.77837	-2.16007	1477010450250000	14.61000	14.60000	-1.32610	-1.49715
L	14.64542	14.67585	1477010450300000	14.71000	14.70000	-1.28444	-1.53304
R	21.08103	0.75437	-1.87617	1477010450350000	14.81000	14.80000	-1.24180	-1.56778
L	14.75382	14.92177	1477010450400000	14.91000	14.90000	-1.19822	-1.60133
R	21.05439	0.76147	-1.86477	1477010450450000	15.01000	15.00000	-1.15374	-1.63367
L	15.12813	15.08057	1477010450500000	15.11000	15.10000	-1.10838	-1.66478
R	21.46141	0.80176	-1.92493	1477010450550000	15.21000	15.20000	-1.06218	-1.69463
L	15.33513	15.37540	1477010450600000	15.31000	15.30000	-1.01519	-1.72319
R	21.73093	0.78747	-1.78341	1477010450650000	15.41000	15.40000	-0.96742	-1.75046
L	15.29629	15.16194	1477010450700000	15.51000	15.50000	-0.91892	-1.77640
R	22.01581	0.81268	-2.05360	1477010450750000	15.61000	15.60000	-0.86973	-1.80099
L	15.72600	15.72574	1477010450800000	15.71000	15.70000	-0.81988	-1.82422
R	22.56472	0.80793	-1.99988	1477010450850000	15.81000	15.80000	-0.76941	-1.84608
L	15.73426	16.00593	1477010450900000	15.91000	15.90000	-0.71836	-1.86654
R	22.57976	0.77527	-1.73668	1477010450950000	16.01000	16.00000	-0.66676	-1.88558
L	16.29846	15.84946	1477010451000000	16.11000	16.10000	-0.61467	-1.90320
R	22.74496	0.78174	-1.57540	1477010451050000	16.21000	16.20000	-0.56210	-1.91939
L	16.01810	16.09495	1477010451100000	16.31000	16.30000	-0.50911	-1.93412
R	23.26290	0.76923	-1.71127	1477010451150000	16.41000	16.40000	-0.45574	-1.94738
L	16.49727	16.47809	1477010451200000	16.51000	16.50000	-0.40202	-1.95918
R	23.26214	0.78800	-1.60667	1477010451250000	16.61000	16.60000	-0.34800	-1.96949
L	16.58700	16.65879	1477010451300000	16.71000	16.70000	-0.29371	-1.97832
R	23.80280	0.80630	-1.47534	1477010451350000	16.81000	16.80000	-0.23920	-1.98564
L	17.05191	16.73087	1477010451400000	16.91000	16.90000	-0.18452	-1.99147
R	24.25654	0.79819	-1.47779	1477010451450000	17.01000	17.00000	-0.12969	-1.99579
L	17.16303	17.07447	1477010451500000	17.11000	17.10000	-0.07476	-1.99860
R	24.45168	0.80861	-1.66621	1477010451550000	17.21000	17.20000	-0.01978	-1.99990
L	17.44714	17.41257	1477010451600000	17.31000	17.30000	0.03522	-1.99969
R	24.58830	0.76212	-1.56693	1477010451650000	17.41000	17.40000	0.09019	-1.99797
L	17.37849	17.74058	1477010451700000	17.51000	17.50000	0.14509	-1.99473
R	24.96436	0.78293	-0.98205	1477010451750000	17.61000	17.60000	0.19989	-1.98999
L	17.58562	17.80754	1477010451800000	17.71000	17.70000	0.25453	-1.98374
R	25.00104	0.77247	-1.40636	1477010451850000	17.81000	17.80000	0.30898	-1.97599
L	17.71218	17.96605	1477010451900000	17.91000	17.90000	0.36320	-1.96675
R	25.52829	0.78739	-1.12148	1477010451950000	18.01000	18.00000	0.41714	-1.95602
L	18.14875	18.27253	1477010452000000	18.11000	18.10000	0.47076	-1.94381
R	25.63356	0.78168	-0.82428	1477010452050000	18.21000	18.20000	0.52403	-1.93013
L	18.32738	18.16350	1477010452100000	18.31000	18.30000	0.57691	-1.91499
R	26.10489	0.78581	-0.95834	1477010452150000	18.41000	18.40000	0.62934	-1.89840
L	18.66298	18.49471	1477010452200000	18.51000	18.50000	0.68131	-1.88038
R	26.36529	0.77259	-0.98911	1477010452250000	18.61000	18.60000	0.73275	-1.86093
L	18.88442	18.69790	1477010452300000	18.71000	18.70000	0.78364	-1.84008
R	26.95997	0.80326	-0.69478	1477010452350000	18.81000	18.80000	0.83394	-1.81784
L	18.84247	18.96630	1477010452400000	18.91000	18.90000	0.88361	-1.79422
R	26.84277	0.78802	-0.55593	1477010452450000	19.01000	19.00000	0.93261	-1.76925
L	19.19371	18.94972	1477010452500000	19.11000	19.10000	0.98091	-1.74293
R	27.38056	0.80400	-0.29782	1477010452550000	19.21000	19.20000	1.02846	-1.71530
L	19.17676	19.21679	1477010452600000	19.31000	19.30000	1.07524	-1.68638
R	27.44273	0.78321	-0.49564	1477010452650000	19.41000	19.40000	1.12120	-1.65617
L	19.50672	19.64708	1477010452700000	19.51000	19.50000	1.16632	-1.62472
R	27.64033	0.75629	-0.42446	1477010452750000	19.61000	19.60000	1.21055	-1.59203
L	19.79976	19.98604	1477010452800000	19.71000	19.70000	1.25387	-1.55815
R	28.18986	0.77999	0.22139	1477010452850000	19.81000	19.80000	1.29624	-1.52308
L	19.85997	19.78963	1477010452900000	19.91000	19.90000	1.33763	-1.48686
R	28.32128	0.80107	-0.19796	1477010452950000	20.01000	20.00000	1.37800	-1.44952
L	19.93987	20.33372	1477010453000000	20.11000	20.10000	1.41734	-1.41108
R	28.57634	0.79260	0.08456	1477010453050000	20.21000	20.20000	1.45560	-1.37158
L	20.15284	20.18004	1477010453100000	20.31000	20.30000	1.49277	-1.33103
R	28.70816	0.79297	0.15852	1477010453150000	20.41000	20.40000	1.52880	-1.28948
L	20.41744	20.60978	1477010453200000	20.51000	20.50000	1.56368	-1.24696
R	29.02403	0.79112	0.34695	1477010453250000	20.61000	20.60000	1.59738	-1.20349
L	20.43017	20.82391	1477010453300000	20.71000	20.70000	1.62986	-1.15911
R	29.42681	0.78164	0.22238	1477010453350000	20.81000	20.80000	1.66112	-1.11386
L	20.81305	20.87467	1477010453400000	20.91000	20.90000	1.69112	-1.06776
R	29.60410	0.77971	0.71004	1477010453450000	21.01000	21.00000	1.71984	-1.02086
L	20.62753	20.82780	1477010453500000	21.11000	21.10000	1.74726	-0.97319
R	30.09054	0.78334	0.72961	1477010453550000	21.21000	21.20000	1.77336	-0.92477
L	21.23276	21.29067	1477010453600000	21.31000	21.30000	1.79811	-0.87566
R	30.04174	0.77900	0.52628	1477010453650000	21.41000	21.40000	1.82151	-0.82589
L	21.66918	21.54867	1477010453700000	21.51000	21.50000	1.84353	-0.77549
R	30.69383	0.76830	0.65013	1477010453750000	21.61000	21.60000	1.86416	-0.72451
L	21.58472	21.47455	1477010453800000	21.71000	21.70000	1.88338	-0.67298
R	30.66189	0.79206	0.69077	1477010453850000	21.81000	21.80000	1.90117	-0.62094
L	21.94862	21.66580	1477010453900000	21.91000	21.90000	1.91752	-0.56843
R	31.24595	0.80804	1.11076	1477010453950000	22.01000	22.00000	1.93243	-0.51549
L	22.10246	22.21959	1477010454000000	22.11000	22.10000	1.94587	-0.46216
R	31.64723	0.75167	1.03974	1477010454050000	22.21000	22.20000	1.95784	-0.40848
L	22.58048	22.14572	1477010454100000	22.31000	22.30000	1.96833	-0.35449
R	31.68990	0.78886	1.13774	1477010454150000	22.41000	22.40000	1.97734	-0.30023
L	22.40571	22.28711	1477010454200000	22.51000	22.50000	1.98484	-0.24575
R	31.98270	0.80334	1.24923	1477010454250000	22.61000	22.60000	1.99085	-0.19108
L	22.65765	22.65429	1477010454300000	22.71000	22.70000	1.99535	-0.13626
R	32.27841	0.75864	1.40694	1477010454350000	22.81000	22.80000	1.99834	-0.08135
L	22.87978	22.98000	1477010454400000	22.91000	22.90000	1.99983	-0.02637
R	32.39664	0.79561	1.59689	1477010454450000	23.01000	23.00000	1.99980	0.02863
L	23.23275	23.28900	1477010454500000	23.11000	23.10000	1.99825	0.08361
R	32.72254	0.80419	1.13641	1477010454550000	23.21000	23.20000	1.99520	0.13852
L	23.41722	23.50489	1477010454600000	23.31000	23.30000	1.99063	0.19333
R	33.21955	0.79537	1.63129	1477010454650000	23.41000	23.40000	1.98457	0.24799
L	23.49356	23.71975	1477010454700000	23.51000	23.50000	1.97700	0.30246
R	33.30877	0.79216	1.42615	1477010454750000	23.61000	23.60000	1.96793	0.35671
L	23.67697	23.85049	1477010454800000	23.71000	23.70000	1.95738	0.41069
R	33.71680	0.80445	1.56436	1477010454850000	23.81000	23.80000	1.94535	0.46435
L	23.92583	23.82624	1477010454900000	23.91000	23.90000	1.93184	0.51767
R	34.07415	0.78560	1.56702	1477010454950000	24.01000	24.00000	1.91688	0.57059
L	24.10374	24.00120	1477010455000000	24.11000	24.10000	1.90047	0.62308
R	34.23943	0.76806	1.75620	1477010455050000	24.21000	24.20000	1.88261	0.67510
L	24.50896	24.01508	1477010455100000	24.31000	24.30000	1.86334	0.72661
R	34.52470	0.76312	1.80023	1477010455150000	24.41000	24.40000	1.84266	0.77757
L	24.41400	24.57043	1477010455200000	24.51000	24.50000	1.82058	0.82795
R	34.78500	0.79847	2.07665	1477010455250000	24.61000	24.60000	1.79712	0.87769
L	24.71566	24.84730	1477010455300000	24.71000	24.70000	1.77231	0.92678
R	35.03803	0.81498	1.69680	1477010455350000	24.81000	24.80000	1.74616	0.97516
L	24.85174	25.03325	1477010455400000	24.91000	24.90000	1.71868	1.02280
R	35.23808	0.79471	1.87408	1477010455450000	25.01000	25.00000	1.68991	1.06967
L	24.89884	24.95425	1477010455500000	25.11000	25.10000	1.65986	1.11574
R	35.69957	0.77045	2.04030	1477010455550000	25.21000	25.20000	1.62855	1.16095
L	25.36153	25.37210	1477010455600000	25.31000	25.30000	1.59601	1.20530
R	35.84831	0.79229	1.74088	1477010455650000	25.41000	25.40000	1.56227	1.24872
L	25.43334	25.46382	1477010455700000	25.51000	25.50000	1.52734	1.29121
R	36.06395	0.77397	1.90798	1477010455750000	25.61000	25.60000	1.49126	1.33272
L	25.51881	25.94822	1477010455800000	25.71000	25.70000	1.45405	1.37322
R	36.39542	0.80865	1.97707	1477010455850000	25.81000	25.80000	1.41574	1.41268
L	26.10115	25.97977	1477010455900000	25.91000	25.90000	1.37637	1.45107
R	36.70767	0.79073	1.75061	1477010455950000	26.01000	26.00000	1.33595	1.48837
L	26.36898	25.95480	1477010456000000	26.11000	26.10000	1.29452	1.52454
R	37.07349	0.78416	1.79418	1477010456050000	26.21000	26.20000	1.25211	1.55956
L	26.36098	26.04896	1477010456100000	26.31000	26.30000	1.20875	1.59340
R	37.07848	0.78718	1.83423	1477010456150000	26.41000	26.40000	1.16448	1.62603
L	26.24342	26.29023	1477010456200000	26.51000	26.50000	1.11933	1.65744
R	37.63679	0.79568	2.13334	1477010456250000	26.61000	26.60000	1.07333	1.68759
L	26.59260	26.82899	1477010456300000	26.71000	26.70000	1.02652	1.71646
R	37.84515	0.81424	1.91991	1477010456350000	26.81000	26.80000	0.97894	1.74404
L	26.84028	26.72062	1477010456400000	26.91000	26.90000	0.93061	1.77030
R	38.09624	0.81304	1.85321	1477010456450000	27.01000	27.00000	0.88159	1.79522
L	27.03516	27.38617	1477010456500000	27.11000	27.10000	0.83189	1.81878
R	38.63696	0.78955	2.02849	1477010456550000	27.21000	27.20000	0.78157	1.84097
L	26.91426	27.14703	1477010456600000	27.31000	27.30000	0.73065	1.86176
R	38.94874	0.79397	1.88217	1477010456650000	27.41000	27.40000	0.67918	1.88115
L	27.59597	27.61025	1477010456700000	27.51000	27.50000	0.62720	1.89911
R	39.22073	0.77397	1.63928	1477010456750000	27.61000	27.60000	0.57474	1.91564
L	27.49279	27.77306	1477010456800000	27.71000	27.70000	0.52185	1.93072
R	39.10057	0.77147	1.52138	1477010456850000	27.81000	27.80000	0.46857	1.94434
L	27.99773	27.92474	1477010456900000	27.91000	27.90000	0.41493	1.95649
R	39.46868	0.75967	1.61752	1477010456950000	28.01000	28.00000	0.36097	1.96715
L	28.15677	28.15097	1477010457000000	28.11000	28.10000	0.30675	1.97634
R	39.79325	0.80340	1.50718	1477010457050000	28.21000	28.20000	0.25229	1.98402
L	28.27276	28.42661	1477010457100000	28.31000	28.30000	0.19764	1.99021
R	40.42455	0.79356	1.56042	1477010457150000	28.41000	28.40000	0.14284	1.99489
L	28.32835	28.55458	1477010457200000	28.51000	28.50000	0.08793	1.99807
R	40.46216	0.77495	1.28177	1477010457250000	28.61000	28.60000	0.03296	1.99973
L	28.72818	28.73566	1477010457300000	28.71000	28.70000	-0.02204	1.99988
R	40.80136	0.79175	1.40869	1477010457350000	28.81000	28.80000	-0.07702	1.99852
L	28.91848	29.01807	1477010457400000	28.91000	28.90000	-0.13194	1.99564
R	41.23551	0.76133	1.18438	1477010457450000	29.01000	29.00000	-0.18676	1.99126
L	28.99312	29.29669	1477010457500000	29.11000	29.10000	-0.24145	1.98537
R	41.42733	0.78305	1.27937	1477010457550000	29.21000	29.20000	-0.29595	1.97798
L	29.52459	29.27856	1477010457600000	29.31000	29.30000	-0.35022	1.96910
R	41.56167	0.79227	1.29032	1477010457650000	29.41000	29.40000	-0.40423	1.95872
L	29.66185	29.36422	1477010457700000	29.51000	29.50000	-0.45794	1.94687
R	41.81700	0.78105	1.17674	1477010457750000	29.61000	29.60000	-0.51130	1.93354
L	29.91078	29.73110	1477010457800000	29.71000	29.70000	-0.56427	1.91875
R	41.93366	0.79636	0.52155	1477010457850000	29.81000	29.80000	-0.61681	1.90251
L	29.85393	29.93369	1477010457900000	29.91000	29.90000	-0.66889	1.88483
R	42.60485	0.81054	0.78743	1477010457950000	30.01000	30.00000	-0.72047	1.86572
L	30.07403	30.11336	1477010458000000	30.11000	30.10000	-0.77150	1.84521
R	42.64021	0.78630	0.82073	1477010458050000	30.21000	30.20000	-0.82194	1.82330
L	30.25624	30.12696	1477010458100000	30.31000	30.30000	-0.87176	1.80001
R	42.97074	0.79944	0.69101	1477010458150000	30.41000	30.40000	-0.92093	1.77536
L	30.62534	30.46848	1477010458200000	30.51000	30.50000	-0.96940	1.74936
R	43.27708	0.79307	0.30394	1477010458250000	30.61000	30.60000	-1.01713	1.72205
L	30.67459	30.60723	1477010458300000	30.71000	30.70000	-1.06410	1.69343
R	43.74493	0.80016	0.53662	1477010458350000	30.81000	30.80000	-1.11026	1.66353
L	31.03098	30.62373	1477010458400000	30.91000	30.90000	-1.15558	1.63237
R	43.96318	0.78712	0.04094	1477010458450000	31.01000	31.00000	-1.20003	1.59998
L	31.42397	31.54698	1477010458500000	31.11000	31.10000	-1.24357	1.56638
R	43.96881	0.79335	0.21440	1477010458550000	31.21000	31.20000	-1.28617	1.53159
L	31.29394	30.94035	1477010458600000	31.31000	31.30000	-1.32779	1.49565
R	44.68478	0.78369	0.02723	1477010458650000	31.41000	31.40000	-1.36842	1.45857
L	31.54944	31.42759	1477010458700000	31.51000	31.50000	-1.40801	1.42039
R	44.60202	0.79031	0.04663	1477010458750000	31.61000	31.60000	-1.44653	1.38114
L	31.86532	31.36920	1477010458800000	31.71000	31.70000	-1.48396	1.34084
R	45.10271	0.78665	-0.09672	1477010458850000	31.81000	31.80000	-1.52027	1.29953
L	31.87423	31.85972	1477010458900000	31.91000	31.90000	-1.55542	1.25724
R	45.53735	0.80344	-0.35136	1477010458950000	32.01000	32.00000	-1.58941	1.21400
L	32.16453	32.01114	1477010459000000	32.11000	32.10000	-1.62219	1.16983
R	45.58439	0.77919	-0.52634	1477010459050000	32.21000	32.20000	-1.65374	1.12479
L	32.20701	32.23039	1477010459100000	32.31000	32.30000	-1.68404	1.07889
R	45.84069	0.77771	-0.53241	1477010459150000	32.41000	32.40000	-1.71307	1.03218
L	32.49140	32.46732	1477010459200000	32.51000	32.50000	-1.74080	0.98468
R	46.09337	0.79948	-0.38448	1477010459250000	32.61000	32.60000	-1.76722	0.93644
L	32.56793	32.66966	1477010459300000	32.71000	32.70000	-1.79230	0.88750
R	46.51871	0.79455	-1.02435	1477010459350000	32.81000	32.80000	-1.81603	0.83788
L	32.92017	33.09829	1477010459400000	32.91000	32.90000	-1.83838	0.78763
R	46.63254	0.79866	-0.98027	1477010459450000	33.01000	33.00000	-1.85934	0.73678
L	33.19445	33.03373	1477010459500000	33.11000	33.10000	-1.87890	0.68538
R	46.94441	0.76703	-0.94539	1477010459550000	33.21000	33.20000	-1.89703	0.63346
L	33.52246	33.28732	1477010459600000	33.31000	33.30000	-1.91373	0.58105
R	47.08250	0.78575	-0.84855	1477010459650000	33.41000	33.40000	-1.92899	0.52821
L	33.64140	33.46971	1477010459700000	33.51000	33.50000	-1.94278	0.47497
R	47.69751	0.78431	-0.93886	1477010459750000	33.61000	33.60000	-1.95511	0.42137
L	33.57254	33.68006	1477010459800000	33.71000	33.70000	-1.96595	0.36746
R	47.42403	0.78443	-0.90646	1477010459850000	33.81000	33.80000	-1.97531	0.31326
L	33.97300	34.09696	1477010459900000	33.91000	33.90000	-1.98318	0.25883
R	48.15556	0.77602	-1.47121	1477010459950000	34.01000	34.00000	-1.98955	0.20420
L	34.02663	34.30572	1477010460000000	34.11000	34.10000	-1.99441	0.14942
R	48.26518	0.76446	-1.33820	1477010460050000	34.21000	34.20000	-1.99777	0.09452
L	34.42925	34.60218	1477010460100000	34.31000	34.30000	-1.99961	0.03955
R	48.74899	0.77379	-1.27666	1477010460150000	34.41000	34.40000	-1.99994	-0.01544
L	34.37793	34.90164	1477010460200000	34.51000	34.50000	-1.99876	-0.07043
R	48.80113	0.79096	-1.75284	1477010460250000	34.61000	34.60000	-1.99607	-0.12536
L	34.68972	34.82158	1477010460300000	34.71000	34.70000	-1.99187	-0.18020
R	49.27786	0.77490	-1.53061	1477010460350000	34.81000	34.80000	-1.98616	-0.23490
L	34.61278	35.08057	1477010460400000	34.91000	34.90000	-1.97895	-0.28942
R	49.53297	0.78456	-1.33766	1477010460450000	35.01000	35.00000	-1.97024	-0.34373
L	35.04728	35.22478	1477010460500000	35.11000	35.10000	-1.96004	-0.39777
R	50.20829	0.77527	-1.55230	1477010460550000	35.21000	35.20000	-1.94837	-0.45152
L	35.05181	35.21964	1477010460600000	35.31000	35.30000	-1.93521	-0.50492
R	49.73006	0.78495	-1.48952	1477010460650000	35.41000	35.40000	-1.92060	-0.55794
L	35.58151	35.73823	1477010460700000	35.51000	35.50000	-1.90453	-0.61054
R	50.40991	0.78511	-1.61896	1477010460750000	35.61000	35.60000	-1.88702	-0.66268
L	35.78160	35.69911	1477010460800000	35.71000	35.70000	-1.86809	-0.71431
R	50.42359	0.77251	-1.82888	1477010460850000	35.81000	35.80000	-1.84774	-0.76541
L	35.88833	35.84364	1477010460900000	35.91000	35.90000	-1.82600	-0.81593
R	50.94143	0.78110	-1.80618	1477010460950000	36.01000	36.00000	-1.80287	-0.86583
L	36.29325	36.07378	1477010461000000	36.11000	36.10000	-1.77838	-0.91507
R	51.34200	0.80301	-1.93606	1477010461050000	36.21000	36.20000	-1.75255	-0.96363
L	36.49294	36.35763	1477010461100000	36.31000	36.30000	-1.72539	-1.01145
R	51.74091	0.80673	-1.57389	1477010461150000	36.41000	36.40000	-1.69693	-1.05851
L	36.71283	36.45003	1477010461200000	36.51000	36.50000	-1.66718	-1.10477
R	51.98845	0.80299	-1.68108	1477010461250000	36.61000	36.60000	-1.63617	-1.15019
L	36.70892	36.75117	1477010461300000	36.71000	36.70000	-1.60393	-1.19475
R	52.07119	0.77416	-2.03480	1477010461350000	36.81000	36.80000	-1.57047	-1.23840
L	36.95085	36.99555	1477010461400000	36.91000	36.90000	-1.53582	-1.28111
R	52.39425	0.79077	-2.09789	1477010461450000	37.01000	37.00000	-1.50002	-1.32286
L	36.78227	37.40991	1477010461500000	37.11000	37.10000	-1.46308	-1.36360
R	52.40138	0.79361	-1.99064	1477010461550000	37.21000	37.20000	-1.42503	-1.40332
L	37.55307	37.32723	1477010461600000	37.31000	37.30000	-1.38590	-1.44197
R	52.99768	0.78316	-1.97242	1477010461650000	37.41000	37.40000	-1.34573	-1.47953
L	37.40321	37.37601	1477010461700000	37.51000	37.50000	-1.30454	-1.51597
R	53.18960	0.82017	-2.01159	1477010461750000	37.61000	37.60000	-1.26236	-1.55127
L	37.71440	37.92212	1477010461800000	37.71000	37.70000	-1.21923	-1.58540
R	53.47569	0.80464	-1.99348	1477010461850000	37.81000	37.80000	-1.17518	-1.61832
L	37.80856	38.00967	1477010461900000	37.91000	37.90000	-1.13023	-1.65002
R	53.77937	0.77705	-2.01673	1477010461950000	38.01000	38.00000	-1.08444	-1.68048
L	38.26219	38.00117	1477010462000000	38.11000	38.10000	-1.03782	-1.70966
R	53.77465	0.79122	-1.74382	1477010462050000	38.21000	38.20000	-0.99042	-1.73755
L	38.43760	38.44121	1477010462100000	38.31000	38.30000	-0.94227	-1.76412
R	54.29107	0.76360	-1.75028	1477010462150000	38.41000	38.40000	-0.89340	-1.78937
L	38.51289	38.43836	1477010462200000	38.51000	38.50000	-0.84386	-1.81326
R	54.63719	0.78295	-1.95025	1477010462250000	38.61000	38.60000	-0.79368	-1.83577
L	38.69829	38.65968	1477010462300000	38.71000	38.70000	-0.74291	-1.85690
R	54.67164	0.79772	-1.86048	1477010462350000	38.81000	38.80000	-0.69157	-1.87663
L	38.85719	38.87915	1477010462400000	38.91000	38.90000	-0.63971	-1.89493
R	55.22136	0.75413	-1.81570	1477010462450000	39.01000	39.00000	-0.58736	-1.91181
L	39.32544	38.74945	1477010462500000	39.11000	39.10000	-0.53457	-1.92724
R	55.33614	0.76427	-1.91572	1477010462550000	39.21000	39.20000	-0.48138	-1.94121
L	39.16772	39.14128	1477010462600000	39.31000	39.30000	-0.42782	-1.95371
R	55.57359	0.78193	-1.58655	1477010462650000	39.41000	39.40000	-0.37393	-1.96473
L	39.40617	39.61997	1477010462700000	39.51000	39.50000	-0.31977	-1.97427
R	56.07788	0.78307	-1.75532	1477010462750000	39.61000	39.60000	-0.26536	-1.98232
L	39.71443	39.52104	1477010462800000	39.71000	39.70000	-0.21076	-1.98886
R	56.17562	0.77942	-1.70158	1477010462850000	39.81000	39.80000	-0.15599	-1.99391
L	40.06299	40.08150	1477010462900000	39.91000	39.90000	-0.10111	-1.99744
R	56.57232	0.76236	-1.50698	1477010462950000	40.01000	40.00000	-0.04614	-1.99947
L	40.05646	40.02511	1477010463000000	40.11000	40.10000	0.00885	-1.99998
R	56.80542	0.80517	-1.41539	1477010463050000	40.21000	40.20000	0.06384	-1.99898
L	40.09674	40.39442	1477010463100000	40.31000	40.30000	0.11878	-1.99647
R	56.99974	0.79722	-1.26505	1477010463150000	40.41000	40.40000	0.17363	-1.99245
L	40.43511	40.37868	1477010463200000	40.51000	40.50000	0.22835	-1.98692
R	57.37881	0.80224	-1.12762	1477010463250000	40.61000	40.60000	0.28290	-1.97989
L	40.52934	40.57754	1477010463300000	40.71000	40.70000	0.33723	-1.97136
R	57.52669	0.77048	-1.12135	1477010463350000	40.81000	40.80000	0.39131	-1.96135
L	40.87547	41.17459	1477010463400000	40.91000	40.90000	0.44509	-1.94984
R	58.37505	0.78562	-1.06343	1477010463450000	41.01000	41.00000	0.49854	-1.93687
L	41.06599	41.09429	1477010463500000	41.11000	41.10000	0.55161	-1.92243
R	58.12564	0.79558	-0.68153	1477010463550000	41.21000	41.20000	0.60426	-1.90653
L	41.31315	41.12516	1477010463600000	41.31000	41.30000	0.65645	-1.88920
R	58.35933	0.79333	-0.74206	1477010463650000	41.41000	41.40000	0.70815	-1.87043
L	41.56888	41.62734	1477010463700000	41.51000	41.50000	0.75931	-1.85025
R	58.75038	0.80880	-0.55991	1477010463750000	41.61000	41.60000	0.80990	-1.82868
L	41.79420	41.60923	1477010463800000	41.71000	41.70000	0.85988	-1.80572
R	58.97801	0.77596	-0.96995	1477010463850000	41.81000	41.80000	0.90920	-1.78139
L	42.06179	41.74883	1477010463900000	41.91000	41.90000	0.95784	-1.75572
R	59.24647	0.78954	-0.51837	1477010463950000	42.01000	42.00000	1.00576	-1.72871
L	42.05493	42.02851	1477010464000000	42.11000	42.10000	1.05291	-1.70041
R	59.56331	0.79713	-0.20375	1477010464050000	42.21000	42.20000	1.09927	-1.67081
L	42.25366	42.34774	1477010464100000	42.31000	42.30000	1.14479	-1.63995
R	59.78239	0.78657	-0.29687	1477010464150000	42.41000	42.40000	1.18945	-1.60786
L	42.67135	42.38629	1477010464200000	42.51000	42.50000	1.23321	-1.57454
R	60.35313	0.78226	-0.32753	1477010464250000	42.61000	42.60000	1.27604	-1.54004
L	43.05011	42.79633	1477010464300000	42.71000	42.70000	1.31791	-1.50437
R	60.35516	0.78607	0.17825	1477010464350000	42.81000	42.80000	1.35877	-1.46756
L	42.61719	43.06417	1477010464400000	42.91000	42.90000	1.39861	-1.42965
R	60.75254	0.78314	-0.00913	1477010464450000	43.01000	43.00000	1.43739	-1.39065
L	43.27583	42.91768	1477010464500000	43.11000	43.10000	1.47509	-1.35060
R	61.06048	0.74263	0.18703	1477010464550000	43.21000	43.20000	1.51167	-1.30953
L	43.48724	43.24047	1477010464600000	43.31000	43.30000	1.54710	-1.26747
R	61.54078	0.77731	0.18520	1477010464650000	43.41000	43.40000	1.58137	-1.22445
L	43.36097	43.66323	1477010464700000	43.51000	43.50000	1.61444	-1.18050
R	61.57059	0.80245	0.35200	1477010464750000	43.61000	43.60000	1.64629	-1.13567
L	43.59145	43.65388	1477010464800000	43.71000	43.70000	1.67689	-1.08997
R	62.01043	0.74782	0.42260	1477010464850000	43.81000	43.80000	1.70623	-1.04345
L	43.82186	43.86657	1477010464900000	43.91000	43.90000	1.73427	-0.99614
R	62.41674	0.79280	0.48804	1477010464950000	44.01000	44.00000	1.76101	-0.94808
L	44.24133	43.79186	1477010465000000	44.11000	44.10000	1.78641	-0.89929
R	62.41766	0.75940	0.78519	1477010465050000	44.21000	44.20000	1.81046	-0.84983
L	44.48507	44.50708	1477010465100000	44.31000	44.30000	1.83315	-0.79973
R	62.67562	0.77736	0.55404	1477010465150000	44.41000	44.40000	1.85444	-0.74902
L	44.66155	44.48629	1477010465200000	44.51000	44.50000	1.87434	-0.69775
R	63.14290	0.76235	0.77050	1477010465250000	44.61000	44.60000	1.89282	-0.64595
L	44.59982	44.39771	1477010465300000	44.71000	44.70000	1.90986	-0.59366
R	63.20209	0.79114	0.96434	1477010465350000	44.81000	44.80000	1.92546	-0.54092
L	45.03562	44.75271	1477010465400000	44.91000	44.90000	1.93961	-0.48777
R	63.52718	0.78748	0.72142	1477010465450000	45.01000	45.00000	1.95229	-0.43425
L	45.09860	44.94244	1477010465500000	45.11000	45.10000	1.96349	-0.38041
R	63.79053	0.81035	1.12180	1477010465550000	45.21000	45.20000	1.97321	-0.32628
L	45.08283	45.34518	1477010465600000	45.31000	45.30000	1.98143	-0.27190
R	64.22118	0.79834	1.20360	1477010465650000	45.41000	45.40000	1.98816	-0.21731
L	45.54344	45.59874	1477010465700000	45.51000	45.50000	1.99338	-0.16256
R	64.55671	0.79321	1.15969	1477010465750000	45.61000	45.60000	1.99710	-0.10769
L	45.72986	45.69545	1477010465800000	45.71000	45.70000	1.99930	-0.05274
R	64.82634	0.78787	1.34568	1477010465850000	45.81000	45.80000	2.00000	0.00226
L	45.84463	45.95114	1477010465900000	45.91000	45.90000	1.99918	0.05725
R	64.82598	0.77028	1.74699	1477010465950000	46.01000	46.00000	1.99685	0.11220
L	46.21072	46.11682	1477010466000000	46.11000	46.10000	1.99301	0.16706
R	65.35886	0.77603	1.78011	1477010466050000	46.21000	46.20000	1.98766	0.22180
L	46.39628	46.12757	1477010466100000	46.31000	46.30000	1.98081	0.27637
R	65.68806	0.77953	1.40136	1477010466150000	46.41000	46.40000	1.97246	0.33073
L	46.66665	46.54793	1477010466200000	46.51000	46.50000	1.96262	0.38484
R	65.86644	0.76358	1.64268	1477010466250000	46.61000	46.60000	1.95130	0.43866
L	46.68432	46.97241	1477010466300000	46.71000	46.70000	1.93850	0.49215
R	66.36175	0.79136	1.92187	1477010466350000	46.81000	46.80000	1.92424	0.54527
L	46.93704	47.01696	1477010466400000	46.91000	46.90000	1.90852	0.59797
R	66.38036	0.76642	1.77428	1477010466450000	47.01000	47.00000	1.89135	0.65022
L	47.09938	47.09968	1477010466500000	47.11000	47.10000	1.87276	0.70198
R	66.90723	0.78953	1.90067	1477010466550000	47.21000	47.20000	1.85275	0.75321
L	47.18088	47.15658	1477010466600000	47.31000	47.30000	1.83134	0.80387
R	67.17468	0.77703	1.83229	1477010466650000	47.41000	47.40000	1.80854	0.85392
L	47.40785	47.74555	1477010466700000	47.51000	47.50000	1.78438	0.90333
R	67.42797	0.80187	1.96038	1477010466750000	47.61000	47.60000	1.75886	0.95205
L	47.51934	47.64116	1477010466800000	47.71000	47.70000	1.73202	1.00005
R	67.76152	0.80466	1.93659	1477010466850000	47.81000	47.80000	1.70387	1.04730
L	48.19113	47.93153	1477010466900000	47.91000	47.90000	1.67443	1.09375
R	67.98042	0.78001	1.77418	1477010466950000	48.01000	48.00000	1.64372	1.13938
L	47.96772	48.13181	1477010467000000	48.11000	48.10000	1.61177	1.18415
R	68.25191	0.77866	1.94176	1477010467050000	48.21000	48.20000	1.57860	1.22802
L	48.27445	48.36120	1477010467100000	48.31000	48.30000	1.54424	1.27096
R	68.53781	0.78540	1.66810	1477010467150000	48.41000	48.40000	1.50870	1.31294
L	48.88342	48.62615	1477010467200000	48.51000	48.50000	1.47203	1.35393
R	68.60784	0.76387	1.81300	1477010467250000	48.61000	48.60000	1.43425	1.39389
L	48.84871	48.91388	1477010467300000	48.71000	48.70000	1.39538	1.43280
R	68.96397	0.79174	2.19982	1477010467350000	48.81000	48.80000	1.35545	1.47063
L	48.90995	48.88416	1477010467400000	48.91000	48.90000	1.31450	1.50734
R	69.03425	0.79388	1.92951	1477010467450000	49.01000	49.00000	1.27256	1.54292
L	48.96232	48.87285	1477010467500000	49.11000	49.10000	1.22965	1.57732
R	69.55008	0.76973	1.98616	1477010467550000	49.21000	49.20000	1.18582	1.61054
L	49.41749	49.23456	1477010467600000	49.31000	49.30000	1.14109	1.64254
R	70.13739	0.79545	1.80947	1477010467650000	49.41000	49.40000	1.09549	1.67329
L	49.77209	49.72117	1477010467700000	49.51000	49.50000	1.04907	1.70278
R	70.26053	0.76197	1.73700	1477010467750000	49.61000	49.60000	1.00185	1.73098
L	49.79699	49.59511	1477010467800000	49.71000	49.70000	0.95387	1.75787
R	70.22343	0.77647	1.74486	1477010467850000	49.81000	49.80000	0.90518	1.78344
L	49.95708	49.95871	1477010467900000	49.91000	49.90000	0.85580	1.80765
R	70.83696	0.78831	1.73957	1477010467950000	50.01000	50.00000	0.80577	1.83050
