8.462918745489562	0.24346236596519058	-3.039092675280602	-0.0874290201008534	8.46642	0.0287602	-3.04035	1477010443399637.0	8.6	0.25	-3.00029	0.0
8.31345630467524	0.23656023355871122	-4.045408737743088	-0.11663729861528221	8.57101	0.0282318	-0.0105258	1477010443499690.0	8.45	0.25	0.0	0.0
7.91992306338911	0.23082991164095795	-5.503766567372834	-0.1559436660658512	8.42927	0.0301427	-1.85813	1477010443604698.0	8.35	0.25	-1.81979	0.0
7.21091716118933	0.19615298883276633	-7.348766191500806	-0.22051262958521217	7.9351	0.0237437	-3.81077	1477010443709653.0	8.05	0.2	-3.99976	-0.99994
6.3710565394139165	0.15993716844687741	-9.056150773110732	-0.2743925516496623	7.61428	0.0204653	-3.22052	1477010443809660.0	7.7	0.15	-2.99982	0.0
5.425911084157024	0.11414412691097395	-10.49959831122757	-0.32515777348198793	7.50876	0.0127032	-1.89765	1477010443914714.0	7.45	0.100001	-1.8165	-0.908239
4.276988748449954	0.06261811440825796	-11.984365879960148	-0.3642482094346169	7.20598	0.000683772	-2.79536	1477010444024741.0	7.2	9.49949e-07	-2.72851	-0.909507
3.0367563459789007	0.007451795776844225	-13.262372487106894	-0.38515037415490533	6.74737	-0.0212224	-1.67069	1477010444134693.0	6.95	-0.15	-1.81898	-1.81898
1.807737791075598	-0.013109519348665229	-14.463785177511351	-0.30567543473722847	6.67866	-0.0519302	-2.02379	1477010444239651.0	6.75	-0.349999	-2.00076	-2.00075
0.6775795843611905	-0.016627830298403683	-15.395042683719208	-0.08733286145899499	6.63205	-0.0840904	-0.81497	1477010444339690.0	6.6	-0.549999	-0.998836	-1.99769
2.0264995533064396	-1.4218861155909872	-13.065948906514997	-4.282743422007727	6.46217	-0.130812	-0.356062	1477010444444769.0	6.5	-0.85	-0.908747	-3.63498
2.558695043279952	-1.9522705352948224	-11.833244163544512	-4.034979407818699	6.49021	-0.179219	-1.23944	1477010444554767.0	6.35	-1.15	-1.81897	-1.81898
2.0701910005896935	-2.1913490602520347	-11.05085780453455	-3.419883336144988	6.59968	-0.226407	1.73835	1477010444664705.0	6.3	-1.45	0.909739	-3.63894
1.8851773641102008	-2.45546902535169	-9.817310853204503	-3.085878610583114	6.57796	-0.279439	-0.211523	1477010444769692.0	6.3	-1.8	-0.999494	-2.9985
1.7635657091836112	-2.7590686012504926	-8.637414124969858	-2.9813633020853842	6.66141	-0.322252	1.75689	1477010444869719.0	6.3	-2.1	0.999984	-2.99994
1.7364686855346085	-3.1208395885290154	-7.437172203368712	-2.9380136943497206	6.76596	-0.36264	0.855484	1477010444974743.0	6.35	-2.4	0.0	-2.72613
1.7606178919907705	-3.548009551172998	-6.337462337808854	-2.980182413839484	6.98232	-0.399959	1.89805	1477010445084742.0	6.4	-2.7	0.909499	-2.72851
1.87226645942858	-3.913755693101411	-5.363016966202595	-2.948875836699478	7.12938	-0.43502	1.4149	1477010445189758.0	6.45	-3.0	0.0	-2.99754
2.0292338021938376	-4.279009524309335	-4.503681434957031	-2.940077495162839	7.31886	-0.470836	2.21289	1477010445294720.0	6.5	-3.3	0.910402	-2.7312
2.230314517860768	-4.662431044373027	-3.716485486907555	-2.947189163252671	7.5456	-0.49614	2.70911	1477010445404670.0	6.65	-3.6	1.81722	-2.72583
2.486784808949403	-5.011893454077473	-3.0036763820195937	-2.911926528699431	7.884	-0.521437	2.20619	1477010445514767.0	6.8	-3.9	0.907988	-2.72396
2.7774579897280263	-5.32723758465229	-2.367777459173939	-2.8575688937683394	8.04387	-0.547179	2.23987	1477010445624820.0	6.9	-4.2	0.909334	-2.72801
3.100432242087368	-5.602175036247737	-1.8009802386225369	-2.766924527230269	8.3635	-0.567708	1.67528	1477010445734748.0	7.0	-4.45	0.910054	-1.8201
3.4491332422221674	-5.86337807569946	-1.2853504788706243	-2.695241901041537	8.50541	-0.582556	2.23409	1477010445844738.0	7.1	-4.7	0.908302	-2.72489
3.827816039466053	-6.151977645005222	-0.8069156320129871	-2.6750478164646663	8.88902	-0.604494	3.05765	1477010445954759.0	7.25	-5.0	1.81907	-2.72861
4.196925655208414	-6.384363197709278	-0.4024904660480011	-2.6048211343847627	8.97814	-0.622421	2.42827	1477010446064786.0	7.4	-5.3	0.908194	-2.7246
4.59224088501648	-6.6295140282290825	-0.028245090510003845	-2.5530897402391775	9.4762	-0.63468	2.54048	1477010446174794.0	7.55	-5.55	1.81974	-1.81974
4.972465549411735	-6.834263139779588	0.28976989910557976	-2.478991262827991	9.53172	-0.647271	2.40306	1477010446284703.0	7.7	-5.8	0.90983	-2.72951
5.3751481371233725	-7.0634843914290615	0.606930756372402	-2.467595911605095	9.89957	-0.659824	3.5853	1477010446389694.0	7.85	-6.1	1.9986	-2.9979
5.7698251326495695	-7.274593416393892	0.8639301926057149	-2.414973124248969	10.4099	-0.66785	2.53218	1477010446494754.0	8.05	-6.35	1.81738	-1.81739
6.136900892750079	-7.459051565820903	1.0722119626694906	-2.3445221417539774	10.3865	-0.678464	2.50771	1477010446604767.0	8.2	-6.6	0.909293	-2.72787
6.502419461604258	-7.64398921920346	1.2599037718736945	-2.286163240083834	10.6843	-0.687607	2.70793	1477010446714702.0	8.35	-6.85	1.81994	-1.81993
6.84646598337064	-7.809011561966439	1.414062746954293	-2.2240341739589438	10.9406	-0.696337	2.56416	1477010446819646.0	8.5	-7.1	1.00006	-3.00018
7.200724696526235	-8.000181820096762	1.5807080113637113	-2.2122907764341426	11.3727	-0.707378	3.44956	1477010446919691.0	8.65	-7.4	1.99807	-2.99712
7.525877690018282	-8.178358065162591	1.6757555566876308	-2.1494090636831595	11.7598	-0.716035	2.04742	1477010447024687.0	8.8	-7.65	0.909955	-1.8199
7.83986366301066	-8.361082030146674	1.7712851905285723	-2.1159666197631077	11.8789	-0.726017	2.80161	1477010447129681.0	8.9	-7.9	0.999086	-2.9973
8.101068346884487	-8.50908883025189	1.8035536408486708	-2.0417737998590604	11.9442	-0.735521	1.86678	1477010447234713.0	9.0	-8.15	0.909309	-1.8186
8.39297928973253	-8.704464356922715	1.8712725988682812	-2.025760161513666	12.4893	-0.745345	2.79706	1477010447339681.0	9.1	-8.4	1.0004	-3.00119
8.642416058005354	-8.879266647951782	1.8857283573051529	-1.9771742277563344	12.6764	-0.755304	1.92258	1477010447444637.0	9.2	-8.65	0.909508	-1.819
8.936384503867457	-9.114029599307615	1.9821390063176998	-2.0300318652161122	13.0018	-0.765199	4.2891	1477010447549622.0	9.35	-8.95	1.99965	-3.99928
9.160983689109674	-9.299650998920741	1.983079602327464	-2.0013960946925256	13.2646	-0.772362	2.209	1477010447649652.0	9.5	-9.25	0.999584	-1.99917
9.35905843304345	-9.480830961191995	1.969498679171669	-1.9750362581189624	13.3655	-0.782802	2.24797	1477010447749669.0	9.55	-9.5	0.0	-3.00023
9.574351380837225	-9.701799903860918	1.980642633733359	-1.9896114090181685	13.8483	-0.794831	2.85181	1477010447849716.0	9.6	-9.8	0.999005	-2.997
9.74423555263439	-9.897908413184862	1.9371675626234528	-1.9612370826098475	13.8368	-0.803954	1.95724	1477010447954720.0	9.7	-10.05	0.909855	-1.81969
9.939104384400377	-10.134016821493569	1.9205957590717295	-1.9685787418629515	14.4307	-0.812263	2.35389	1477010448059664.0	9.75	-10.3	0.0	-3.00065
10.093799485909175	-10.354719239717278	1.889823152291295	-1.9751527550127703	14.3135	-0.824455	2.63112	1477010448164710.0	9.8	-10.6	0.90817	-2.72451
10.242238236497641	-10.59181373822694	1.8339361359445465	-1.966561985428202	14.7429	-0.835956	1.92166	1477010448274697.0	9.85	-10.9	0.0	-2.73074
10.365069479426168	-10.826953517412402	1.7825804605760993	-1.9737933450107656	14.8851	-0.848604	2.27417	1477010448379634.0	9.85	-11.2	0.0	-2.99965
10.469581371956634	-11.071259168139703	1.7292038281963482	-1.991696250612144	15.2094	-0.863774	2.26264	1477010448479667.0	9.85	-11.5	0.0	-2.99843
10.529726519249493	-11.290073772238385	1.6201523500644148	-1.957503656646451	15.413	-0.877244	0.866545	1477010448579678.0	9.8	-11.75	-1.0003	-2.00061
10.577453267585907	-11.518160501923495	1.53604310541214	-1.957369902913149	15.4054	-0.88995	1.77828	1477010448679644.0	9.7	-12.0	-1.0004	-3.00119
10.605755852136522	-11.750542894233249	1.4288441169369306	-1.9401988963549763	15.7547	-0.905673	1.01994	1477010448779630.0	9.6	-12.25	-0.999885	-1.99981
10.575996779161601	-11.94262077510967	1.282661145126018	-1.8857669362421696	15.5466	-0.922266	0.369379	1477010448879685.0	9.45	-12.45	-1.99803	-1.99805
10.55105768931578	-12.16827010576857	1.1601827045525095	-1.86494711513243	15.7759	-0.936847	0.912459	1477010448984693.0	9.3	-12.65	-0.909773	-1.81953
10.473215383149757	-12.361168972343277	0.9798591349758277	-1.7834910934311115	15.9017	-0.95744	-0.700602	1477010449089745.0	9.05	-12.85	-3.99257	-1.99629
10.349218127375359	-12.53675535217846	0.7990354783089351	-1.7119180625850772	15.6195	-0.978773	-0.291637	1477010449194745.0	8.75	-13.0	-1.8213	-0.910651
10.199180788220646	-12.699848894295574	0.6071215624754515	-1.6257712455219107	15.6995	-0.995246	-0.795374	1477010449299701.0	8.5	-13.1	-2.997	-0.999005
10.005495512602122	-12.822732237028182	0.3912946185561539	-1.505055199636549	15.5295	-1.0123	-1.48799	1477010449404748.0	8.2	-13.15	-2.72741	0.0
9.773103386241376	-12.923582581435339	0.1737448332228282	-1.382079364346433	15.2205	-1.03051	-1.3479	1477010449514693.0	7.9	-13.15	-2.72986	0.0
9.540908608119208	-13.053876476587831	-0.005979296079164642	-1.3155401701881075	15.3557	-1.04843	-0.489357	1477010449619676.0	7.6	-13.2	-2.9979	-0.999304
9.256060254016335	-13.114047603061158	-0.22254852332188457	-1.1855997271999121	14.9523	-1.06755	-1.47147	1477010449724687.0	7.3	-13.25	-2.72846	0.0
8.937650294892896	-13.116415762724564	-0.459222006434893	-1.006587095650605	14.6741	-1.08244	-2.33868	1477010449829700.0	7.0	-13.2	-2.99784	0.999284
8.62568810013434	-13.14595668446148	-0.667792333635967	-0.8640669273829958	14.8668	-1.09768	-2.01344	1477010449934724.0	6.7	-13.1	-2.72787	0.909275
8.289569118526835	-13.168696409455867	-0.8593104552829813	-0.7457002579992544	14.5623	-1.11566	-1.26682	1477010450044722.0	6.4	-13.05	-2.72678	0.0
7.9328759842628775	-13.146601987115103	-1.061722661999468	-0.5870320503396929	14.3675	-1.1322	-1.86783	1477010450154684.0	6.1	-13.0	-2.72966	0.909888
7.559092457196623	-13.04349759633166	-1.2878061564052554	-0.3481021229944751	14.0957	-1.14684	-3.18942	1477010450259674.0	5.8	-12.85	-2.99777	1.99851
7.181359182147701	-12.943055512556171	-1.4754663367927363	-0.16935697937602515	13.7247	-1.15804	-1.68433	1477010450364717.0	5.55	-12.7	-1.81798	0.908995
6.790947365619867	-12.779983948082288	-1.675762652105774	0.08027661715552495	13.5474	-1.17084	-2.84649	1477010450474743.0	5.3	-12.55	-2.72627	1.81753
6.400298191865109	-12.607876364742765	-1.856707855596797	0.31241445833178544	13.369	-1.18389	-2.36817	1477010450584712.0	5.05	-12.35	-1.8199	1.81989
6.013389078435465	-12.366274180730926	-2.035397554014979	0.5891212828585348	12.8878	-1.19328	-2.72149	1477010450689678.0	4.85	-12.15	-1.99928	1.99929
5.651757209795598	-12.10141366581834	-2.191663210890904	0.8765837164076339	12.7991	-1.19553	-2.86727	1477010450794748.0	4.7	-11.9	-0.908236	2.72471
5.302839713252822	-11.817802982841826	-2.3145023391849993	1.1363733383499879	12.4969	-1.19406	-2.03943	1477010450904754.0	4.6	-11.65	-0.909847	1.81971
4.9843988630987965	-11.428455613654988	-2.450098099665474	1.53040681964101	12.2162	-1.1958	-4.32322	1477010451009669.0	4.5	-11.35	-1.0008	4.0032
4.690564404612162	-11.0809807337227	-2.5318484189590427	1.8006476202580048	11.8835	-1.18814	-1.82178	1477010451114691.0	4.45	-11.05	0.0	1.81614
4.422347084549316	-10.672849121434023	-2.597908533038093	2.1222063439271546	11.6669	-1.1797	-2.64222	1477010451224789.0	4.45	-10.8	0.0	2.72555
4.186325783967322	-10.251120308800909	-2.6412520975664617	2.437103125970874	11.4789	-1.17144	-2.50005	1477010451334789.0	4.45	-10.5	0.0	2.729
3.9886148579632654	-9.806423563591084	-2.6584840782486316	2.746458510364241	11.1898	-1.15508	-2.26227	1477010451444763.0	4.5	-10.2	0.908962	2.72687
3.8314715294689403	-9.345505271150081	-2.6529333853361186	3.0539828211235713	10.9942	-1.13588	-2.23426	1477010451554732.0	4.6	-9.9	0.909756	2.72927
3.693199809734131	-8.83554824497661	-2.6405499312066936	3.3822630508077536	10.4986	-1.11645	-2.34038	1477010451664722.0	4.7	-9.6	0.90859	2.72578
3.606381005245951	-8.3670405862911	-2.594625904064805	3.651049664406026	10.592	-1.09073	-1.62445	1477010451774708.0	4.85	-9.3	1.81967	2.72952
3.5477541088740012	-7.903347816670944	-2.5411201441966167	3.901863371747348	10.2398	-1.06602	-1.22863	1477010451879669.0	5.0	-9.05	0.999884	1.99977
3.5152988828717575	-7.458566422990526	-2.4821668871339773	4.136541308111574	10.3027	-1.04083	-1.33508	1477010451984680.0	5.15	-8.8	1.81805	2.72708
3.504735734697613	-7.02631458888472	-2.4096147016695415	4.331852282185411	10.116	-1.01021	-0.66468	1477010452089696.0	5.35	-8.55	1.99956	1.99957
3.498444015236606	-6.612647761400918	-2.347855031824396	4.51168035566392	10.1164	-0.988358	-0.754614	1477010452194711.0	5.5	-8.35	0.909045	1.81807
3.4815316453448517	-6.1634595731432205	-2.2964977819632715	4.692396084609637	9.81408	-0.957431	-0.747175	1477010452304738.0	5.7	-8.1	2.72608	2.72608
3.48790993971172	-5.7413227346618525	-2.2384065539442335	4.840522334152362	9.834	-0.9229	-0.425811	1477010452414768.0	5.95	-7.85	1.81801	1.81801
3.4961548109630023	-5.3399716323214115	-2.1933002639220183	4.9670886678931	9.79397	-0.893547	-0.362809	1477010452524779.0	6.15	-7.65	1.81798	1.81798
3.514927342119792	-4.970790720992066	-2.1519374895441366	5.060301234245712	9.82626	-0.862628	-0.124766	1477010452634722.0	6.35	-7.45	1.82027	1.82027
3.5481174745730044	-4.640067161513987	-2.104549000353531	5.115856850997798	9.61034	-0.830934	0.570221	1477010452739683.0	6.6	-7.25	2.99862	1.99908
3.553671641470469	-4.318297021132196	-2.113415171938305	5.184870292060289	9.63222	-0.803469	-0.456175	1477010452844772.0	6.8	-7.05	0.908005	1.816
3.6063865263358497	-4.042229384501017	-2.0683698706535707	5.174546313658888	9.90965	-0.773882	0.725797	1477010452954812.0	7.0	-6.85	2.72856	1.81904
3.6460135546379373	-3.778783232586919	-2.0655366397741255	5.169019513695792	9.90034	-0.741696	-0.0555249	1477010453064726.0	7.25	-6.65	1.8202	1.8202
3.756292078420379	-3.5866994775564556	-1.984477970071141	5.0913318531407254	9.97586	-0.714582	1.59387	1477010453169672.0	7.5	-6.5	2.99964	0.999884
3.851100878553217	-3.4075045387527614	-1.9451610506924553	5.013434073009218	9.95941	-0.690878	0.851221	1477010453274711.0	7.75	-6.4	1.81709	0.908549
3.974454803509338	-3.2444702701152925	-1.8862805173325148	4.9048711874228905	10.1984	-0.663884	0.962109	1477010453384703.0	8.0	-6.25	2.72931	1.81954
4.106212892768281	-3.106501818512019	-1.8469681831802058	4.801184814997843	10.1836	-0.632288	0.481433	1477010453489669.0	8.25	-6.05	1.99977	1.99976
4.301424676720494	-2.9946724361425288	-1.7307611336669653	4.659621722602773	10.3458	-0.606064	1.70327	1477010453594661.0	8.5	-5.9	2.72796	0.909326
4.482203196415217	-2.8769474379649114	-1.6637367856509329	4.521427252018792	10.4847	-0.579689	0.558938	1477010453704660.0	8.75	-5.75	1.81776	1.81775
4.697244953125118	-2.7929512835656394	-1.5773036930492244	4.373751325135323	10.6216	-0.5556	0.704075	1477010453809760.0	8.95	-5.55	1.99657	1.99656
4.942174647802774	-2.7010753823447526	-1.435078776719453	4.216204175361833	10.4783	-0.529976	1.82891	1477010453914847.0	9.2	-5.4	2.72728	0.909094
5.18017753292871	-2.611151018677477	-1.3421843122763282	4.058888581786279	10.7468	-0.506831	0.586321	1477010454024848.0	9.45	-5.25	1.81816	1.81815
5.456670844047673	-2.541054464678244	-1.2242055917097023	3.8914657881713923	11.0251	-0.485669	0.713422	1477010454134784.0	9.65	-5.05	1.82036	1.82036
5.739850901731278	-2.464023465017228	-1.106282190233003	3.7330372986282283	11.0505	-0.456323	0.657997	1477010454244791.0	9.85	-4.85	1.81578	1.81577
6.015596393528187	-2.3754234774909735	-0.9997160254046628	3.5862852316878726	10.9882	-0.426704	0.528965	1477010454354798.0	10.05	-4.6	1.82039	2.7306
6.302859842753747	-2.280144680752064	-0.8842868616603271	3.4478587983471916	11.0542	-0.396158	0.638313	1477010454464746.0	10.25	-4.3	1.81769	2.72652
6.64348737798437	-2.19106018650949	-0.7167901269116047	3.3069425132626735	11.372	-0.37096	1.28476	1477010454574770.0	10.45	-4.05	1.81792	1.81792
6.970201103995281	-2.094626630825012	-0.5759001516805757	3.176176054257926	11.3808	-0.345253	0.931803	1477010454684753.0	10.65	-3.85	1.81903	1.81904
7.263579647402289	-1.9958006576641547	-0.4882674360291339	3.0538506856345395	11.3814	-0.322404	0.133015	1477010454794687.0	10.8	-3.6	0.909773	2.72931
7.591410673314988	-1.8922420184439452	-0.33978699356426467	2.944452042963085	11.4462	-0.292989	1.29006	1477010454899659.0	10.95	-3.3	1.99953	2.99928
7.8765251257213285	-1.778799865583156	-0.2639896324861501	2.8504288024488322	11.5123	-0.262561	0.101622	1477010455004755.0	11.1	-3.0	0.907725	2.72317
8.14915574318321	-1.6391387186897362	-0.18852529586426786	2.7652713787003043	11.4671	-0.236058	0.314142	1477010455114849.0	11.2	-2.7	0.908929	2.72678
8.340365569565162	-1.4995958282132644	-0.22718677124685088	2.6870844904252174	11.3669	-0.209323	-1.44784	1477010455224848.0	11.2	-2.4	-0.909276	2.72782
8.608417164457173	-1.3351347327424623	-0.11362786087668965	2.6205562284141855	11.3977	-0.185161	1.33719	1477010455334808.0	11.25	-2.1	1.81915	2.72871
8.818816217351172	-1.1735555474260164	-0.09742788529457336	2.5576421790027095	11.4428	-0.157524	-0.25794	1477010455444718.0	11.35	-1.8	0.0	2.73035
8.951466192026965	-1.013724095373066	-0.15662023501058575	2.5032320971274133	11.156	-0.129749	-1.14303	1477010455549699.0	11.3	-1.5	-0.999165	2.99748
9.078256933002127	-0.8542262020588899	-0.21174176933450797	2.449492509894898	11.2341	-0.110312	-1.10131	1477010455654698.0	11.2	-1.25	-0.909822	1.81964
9.11541283483489	-0.6929522193438027	-0.3532456006315917	2.3967789650383953	10.8931	-0.0853934	-2.22217	1477010455759700.0	11.05	-0.95	-1.99817	3.99632
9.17440441436935	-0.513774583023884	-0.42855877796179476	2.3571567863938014	10.881	-0.0609808	-1.03306	1477010455864779.0	10.9	-0.649999	-0.908549	1.8171
9.189532687620522	-0.33490460554724977	-0.5565967260543103	2.308717529498324	10.8539	-0.0403174	-1.94494	1477010455974837.0	10.75	-0.45	-1.8174	1.81738
9.119381257014407	-0.17382729070831093	-0.7650341134675992	2.246084652946972	10.5091	-0.0233211	-3.0395	1477010456084847.0	10.5	-0.25	-2.72796	1.81864
9.073791094712588	-0.007328897388166347	-0.9021870199817841	2.1907397625335014	10.4887	-0.00774292	-1.83176	1477010456194789.0	10.25	-0.0999996	-1.81964	0.909826
8.932844679215762	0.13100961552289186	-1.1128875563998242	2.113758920715797	9.92588	0.000398758	-2.61508	1477010456304681.0	10.0	9.49949e-07	-2.73049	0.910169
8.75298480987433	0.24550533663827298	-1.3360992284442499	2.022559839595741	9.63991	0.00607597	-2.70663	1477010456414675.0	9.7	0.0500011	-2.72439	0.0
8.534045819570473	0.3381918742899874	-1.5706959169831511	1.9201651022029524	9.3231	0.0120556	-2.76994	1477010456524725.0	9.4	0.100001	-2.72773	0.90923
8.288786010364069	0.41829759861770516	-1.805104479483124	1.8148264579150595	9.06362	0.022153	-2.70076	1477010456634732.0	9.1	0.2	-2.72652	0.908843
8.056026518525618	0.49127811356122353	-1.988580125187898	1.7133070201693985	8.90542	0.0277555	-1.84439	1477010456744738.0	8.85	0.25	-1.81847	0.0
7.726885453190118	0.5182149578330517	-2.283469679964987	1.5780809603487673	8.46751	0.0305697	-3.6221	1477010456854787.0	8.55	0.25	-3.6326	0.0
7.385297789714947	0.5337510022617139	-2.5363948817762374	1.4465464522176517	8.05524	0.0300307	-2.66869	1477010456964821.0	8.2	0.25	-2.72841	0.0
7.028572113319253	0.5257227247043637	-2.783525159011161	1.3067846624378436	7.78925	0.0264196	-2.568	1477010457074802.0	7.9	0.2	-2.72708	-0.909025
6.681296550964089	0.4830304121293678	-3.0217229035458426	1.1507122513903276	7.77406	0.0124693	-2.72796	1477010457184718.0	7.6	0.100001	-2.73169	-0.910554
6.275370925915091	0.41721921014753005	-3.304369918080866	0.9916597297923173	7.15342	0.00594389	-3.09184	1477010457289664.0	7.3	0.0500011	-2.99789	0.0
5.926446282695322	0.35037806799414	-3.495480086492828	0.8477186073455607	7.1723	-0.00654331	-1.74878	1477010457394701.0	7.05	-0.0499995	-1.81811	-1.81813
5.540811080909094	0.2493384914563817	-3.6931774484348194	0.684407115490167	6.83466	-0.0366127	-1.79644	1477010457504756.0	6.85	-0.25	-1.81646	-1.81646
5.173349387845038	0.12506205971773368	-3.8651313747107205	0.5171058172129418	6.76349	-0.0677279	-1.51625	1477010457614784.0	6.65	-0.45	-1.81901	-1.819
4.836415798949499	-0.028051336808215532	-3.976558547330476	0.3433291556838723	6.60824	-0.114463	-0.485037	1477010457724718.0	6.5	-0.749999	-0.909789	-3.63914
4.518706696980914	-0.2106200772750556	-4.088292851517339	0.16292954100027746	6.53751	-0.171029	-0.566473	1477010457829667.0	6.4	-1.1	-1.0002	-3.00061
4.23023808093454	-0.3833851215193951	-4.186112293602002	0.009297406502751182	6.5388	-0.210302	-0.373814	1477010457929639.0	6.3	-1.35	-1.00035	-2.00072
3.973720528896643	-0.5524157013764589	-4.21960265832271	-0.1286615168445091	6.45227	-0.252379	0.843797	1477010458029740.0	6.25	-1.6	0.0	-2.99288
3.757382481317729	-0.7211114787227666	-4.196468139066338	-0.2536190775760819	6.69539	-0.29245	1.51218	1477010458134821.0	6.3	-1.9	0.909739	-2.72921
3.5480264505078516	-0.8828974588231153	-4.183246333106638	-0.34988709263097895	6.91179	-0.333634	0.908899	1477010458244771.0	6.35	-2.2	0.0	-2.72782
3.347485370771672	-1.0478622821807835	-4.1543792980251535	-0.4347859899392229	6.75717	-0.381912	1.23154	1477010458354753.0	6.35	-2.55	0.0	-3.63689
3.228896622666424	-1.2360400326785772	-4.048321538237849	-0.5321520457153219	7.08951	-0.424996	2.12667	1477010458464759.0	6.4	-2.9	0.908854	-2.72658
3.155317420656855	-1.4279837204041432	-3.918855193455836	-0.611394876606885	7.23743	-0.457996	2.03836	1477010458574787.0	6.5	-3.2	0.908863	-2.72658
3.148763574798807	-1.6401528954106825	-3.7479493429545947	-0.6899129093210197	7.57641	-0.485339	2.0947	1477010458684825.0	6.6	-3.5	0.908714	-2.72613
3.1799473679275567	-1.8783390380580207	-3.5494837700209927	-0.7788935441227826	7.7195	-0.517274	2.30516	1477010458794820.0	6.7	-3.8	0.909565	-2.72871
3.241807335270505	-2.134212370122953	-3.337523978149331	-0.864015037628397	7.86967	-0.543033	2.16903	1477010458904824.0	6.8	-4.1	0.908566	-2.72568
3.3841747596055614	-2.4527739649974674	-3.059377988104602	-1.004238681445087	8.40442	-0.563739	3.04353	1477010459014855.0	6.95	-4.4	1.81821	-2.72732
3.5249600131026337	-2.7687863806719983	-2.8025237257249325	-1.1135804174404458	8.42068	-0.584245	2.43749	1477010459124748.0	7.1	-4.7	0.91085	-2.73253
3.70664877640483	-3.100329268977295	-2.5434422924788453	-1.2219711484831066	8.79053	-0.601801	2.18989	1477010459229626.0	7.2	-4.95	1.00033	-2.00068
3.9153019001310407	-3.456755761708587	-2.253275532117144	-1.3749134355597377	8.83775	-0.614588	3.42131	1477010459329670.0	7.35	-5.2	1.9976	-2.9964
4.111270133642796	-3.7971176926301413	-2.00784568415856	-1.4613426932786404	9.16064	-0.628545	1.87661	1477010459434781.0	7.5	-5.45	0.908252	-1.8165
4.3183878066975785	-4.168201225613622	-1.7327196626921648	-1.5861844123647935	9.23072	-0.641835	2.97566	1477010459544843.0	7.65	-5.7	1.81785	-2.72677
4.559388566583256	-4.54330995317574	-1.4786470881674754	-1.6728886902578364	9.88168	-0.653279	1.78226	1477010459654854.0	7.8	-5.95	0.909078	-1.81815
4.822459607516649	-4.939829179771341	-1.1956910718011633	-1.8004191752291079	10.0026	-0.661119	2.97834	1477010459764809.0	7.95	-6.2	1.8197	-2.72955
5.118106940833778	-5.357942585066507	-0.9090393476587417	-1.9353289114045475	10.5053	-0.671666	3.05024	1477010459874748.0	8.15	-6.5	1.8187	-2.72807
5.398323779647563	-5.738327162451666	-0.6737617069257741	-2.0065717185246834	10.7287	-0.683001	1.92616	1477010459984740.0	8.3	-6.75	0.908979	-1.81795
5.672716206664853	-6.1110453993000915	-0.443445947652652	-2.0855408793874135	10.7785	-0.696037	2.49181	1477010460094746.0	8.4	-7.0	0.909094	-2.72732
5.976798656294879	-6.506618157172318	-0.1979240194975437	-2.190376824366334	11.2099	-0.704456	3.11293	1477010460204765.0	8.55	-7.3	1.81751	-2.72628
6.280643180298248	-6.8826308888965695	0.0016177441777638635	-2.243596057064351	11.7082	-0.715625	1.98212	1477010460314814.0	8.7	-7.55	0.908615	-1.81723
6.581902560973686	-7.251964643311724	0.2134141674613545	-2.322058790366679	11.6937	-0.721585	3.12809	1477010460424744.0	8.85	-7.8	1.8215	-2.73224
6.896253600435618	-7.6224532386787915	0.4080012710731914	-2.3947487090051855	12.2718	-0.734453	2.87621	1477010460529694.0	9.0	-8.1	0.999025	-2.99707
7.172785490892767	-7.940687119142257	0.5380709496879512	-2.398527605685555	12.4149	-0.743549	1.7167	1477010460634793.0	9.1	-8.35	0.908285	-1.81657
7.457651051517477	-8.274997384677654	0.6827628281880849	-2.430255557081712	12.6031	-0.750086	2.60268	1477010460744781.0	9.2	-8.6	0.91012	-2.73036
7.732427545604455	-8.60401675304991	0.8077494504810528	-2.4566170878858498	12.8797	-0.763778	2.57907	1477010460854694.0	9.3	-8.9	0.909524	-2.72856
7.9982514763333565	-8.920840056874088	0.9243218175046578	-2.4878805179698484	13.1448	-0.77402	2.8177	1477010460959714.0	9.4	-9.2	0.999066	-2.99725
8.24853078263328	-9.225046145002201	1.01578998596208	-2.502755864314382	13.4009	-0.784169	2.57406	1477010461064723.0	9.5	-9.5	0.909706	-2.7291
8.489956226234385	-9.528626861529727	1.0972539389821891	-2.520436158076931	13.6665	-0.79492	2.7101	1477010461169662.0	9.6	-9.8	1.00048	-3.00143
8.702057708542991	-9.79762198977273	1.147574669841729	-2.5118756354506995	13.8463	-0.803265	2.26838	1477010461269700.0	9.7	-10.05	0.998785	-1.99755
8.909229200832819	-10.073225668674398	1.1751616949016406	-2.4868372129460243	14.223	-0.812853	1.76448	1477010461374737.0	9.75	-10.3	0.0	-2.72851
9.131420969767586	-10.389513142688047	1.225479236649009	-2.5045594605304857	14.5847	-0.825059	2.61823	1477010461484718.0	9.8	-10.6	0.909012	-2.72704
9.310815672940828	-10.666411497941118	1.2357007126228594	-2.4886513841714386	14.7085	-0.837569	2.00573	1477010461589670.0	9.85	-10.9	0.0	-3.00318
9.460485865836489	-10.919643555637629	1.2395830091342175	-2.477192473635731	14.7337	-0.847854	2.31145	1477010461689616.0	9.85	-11.2	0.0	-3.00013
9.60318769544668	-11.191579579285236	1.2409549041810735	-2.4807644729452916	15.0821	-0.863946	2.42247	1477010461789682.0	9.85	-11.5	0.0	-2.99592
9.706567101224527	-11.430765412193377	1.180847279477143	-2.415951129351922	15.2386	-0.875133	0.900904	1477010461894772.0	9.8	-11.75	-0.908731	-1.81746
9.814898945311556	-11.71170667931624	1.1395187861258869	-2.391570492178884	15.5821	-0.891812	1.52511	1477010462004764.0	9.7	-12.0	-0.909591	-2.72875
9.885547071419511	-11.978602059760703	1.0814356890721244	-2.3628456072227118	15.5818	-0.909263	1.55806	1477010462114747.0	9.6	-12.3	-0.908879	-2.72667
9.904723758445197	-12.207100933928652	0.9753940000546328	-2.2853545705831544	15.6094	-0.92684	0.530042	1477010462224703.0	9.45	-12.55	-1.82006	-1.82006
9.87613530759631	-12.398527874106977	0.8389792286695534	-2.180649983443209	15.647	-0.945318	-0.172995	1477010462329639.0	9.2	-12.75	-3.00047	-2.00033
9.80770272948707	-12.57411000483947	0.691562399257296	-2.0753739625159393	15.5629	-0.965203	-0.227325	1477010462434714.0	8.95	-12.9	-1.81543	-0.907707
9.721867087285418	-12.763389282228761	0.5502249243372983	-1.98779637759645	15.6346	-0.983091	-0.00852268	1477010462544716.0	8.7	-13.05	-2.73134	-1.82089
9.563479415762199	-12.868582741426613	0.34502792305329816	-1.8158565328159508	15.4056	-1.00393	-1.71054	1477010462649687.0	8.4	-13.15	-2.99683	0.0
9.399265279988523	-12.995048910276573	0.18158335221030886	-1.7079039859052882	15.3433	-1.01881	-0.506483	1477010462754745.0	8.1	-13.2	-2.72707	-0.909028
9.212692107876755	-13.124592761092833	0.0010078518630632083	-1.5804851494943934	15.5514	-1.04048	-1.31109	1477010462864705.0	7.8	-13.25	-2.7295	0.0
8.991044836288852	-13.209588531686691	-0.18398212369747133	-1.4423772501979677	15.2679	-1.05671	-1.35977	1477010462969661.0	7.5	-13.25	-2.99994	0.0
8.73614841076235	-13.241393231048583	-0.3880451521280254	-1.2612100531673904	15.0325	-1.07149	-2.14048	1477010463074668.0	7.2	-13.2	-2.72698	0.908995
8.447457233555943	-13.255885490774938	-0.5867222464361495	-1.0904591887645954	14.707	-1.09054	-1.80307	1477010463184664.0	6.85	-13.15	-3.63709	0.0
8.144288568116494	-13.254328479968951	-0.7890137584495649	-0.9094778251746745	14.7389	-1.11096	-2.29967	1477010463289643.0	6.5	-13.1	-3.0006	1.00018
7.839120351119298	-13.273661172399827	-0.9496481286245566	-0.7989445587760221	14.5358	-1.1248	-0.815348	1477010463394660.0	6.25	-13.05	-1.81729	0.0
7.506324573036418	-13.201373802926401	-1.1463202578108151	-0.5795092646359254	14.2651	-1.13707	-2.63142	1477010463504660.0	6.0	-12.95	-2.72861	1.81906
7.171573948812761	-13.118465364027763	-1.325432430942954	-0.3820325408515416	14.0885	-1.15135	-2.17259	1477010463609635.0	5.7	-12.8	-2.99988	0.999964
6.835287259813731	-13.021572554727104	-1.4907651353390436	-0.1996029851799439	13.857	-1.16639	-1.77211	1477010463709638.0	5.45	-12.7	-2.00001	1.0
6.501866584611411	-12.866052920989576	-1.657348579734442	0.03512074060555437	13.6105	-1.17364	-2.55514	1477010463809706.0	5.25	-12.55	-1.99732	1.99733
6.170758194768858	-12.706690202974574	-1.807179767309708	0.2618311797367746	13.5812	-1.18332	-2.44489	1477010463914701.0	5.05	-12.35	-1.8206	1.82059
5.837741202930001	-12.452599058514968	-1.9652534866578752	0.5704887912669916	13.1093	-1.18836	-3.51972	1477010464019634.0	4.85	-12.1	-1.9998	2.99969
5.511387864571711	-12.190996792529315	-2.098741401908362	0.8331596807951829	12.6605	-1.19538	-2.32022	1477010464119638.0	4.7	-11.85	-1.00002	2.00003
5.208171956120303	-11.87774429660829	-2.2247251393058516	1.1494817852232873	12.5025	-1.19544	-3.28171	1477010464219690.0	4.6	-11.6	-0.998955	2.99688
4.921110736267404	-11.51627911670293	-2.3340631822910796	1.4805382548935728	12.067	-1.19146	-3.21867	1477010464319689.0	4.5	-11.3	-1.00106	3.00319
4.6458084611905015	-11.180921719883697	-2.4085535375620197	1.7389238854299167	11.9516	-1.19047	-1.86393	1477010464424678.0	4.45	-11.05	0.0	1.8168
4.400537465635672	-10.775069336974237	-2.4729219608449466	2.0597233432600426	11.5778	-1.18044	-2.7544	1477010464529697.0	4.45	-10.8	0.0	3.00139
4.196309341208411	-10.405618817191007	-2.505388161723571	2.3172046865384632	11.4567	-1.17215	-1.64771	1477010464629664.0	4.45	-10.55	0.0	2.00041
4.018861086257944	-9.990831309706326	-2.5278457306589863	2.611213007246287	11.1439	-1.15943	-2.22282	1477010464729676.0	4.5	-10.3	0.999584	2.99875
3.865114575025551	-9.54480668846422	-2.5333082765045374	2.9169670999244413	10.9977	-1.14265	-2.49001	1477010464834700.0	4.55	-10.0	0.0	2.72717
3.7294641640141495	-9.082422310443805	-2.51582959520678	3.191888250352773	10.7057	-1.12424	-1.78171	1477010464944669.0	4.65	-9.7	1.8193	2.72895
3.637528621326294	-8.593701838052171	-2.4906446072146338	3.50004601267431	10.4189	-1.09757	-2.33568	1477010465049633.0	4.8	-9.4	1.00006	3.00019
3.594938309810658	-8.182937093393123	-2.4314165718032497	3.710349567552703	10.4688	-1.07438	-0.809142	1477010465149630.0	4.95	-9.15	2.00004	2.00005
3.558310259155047	-7.73611241150234	-2.3913091809949245	3.9739606315336045	10.323	-1.05092	-2.02017	1477010465249644.0	5.1	-8.9	0.999704	2.99911
3.542500305194604	-7.322350118966304	-2.3215079532838567	4.152300837219838	10.3067	-1.02629	-0.584474	1477010465354651.0	5.25	-8.65	1.81848	1.81849
3.5195329445587897	-6.85695379148942	-2.277961878256493	4.383034673556271	9.90444	-0.995544	-1.4781	1477010465459626.0	5.45	-8.4	2.00068	3.00103
3.529101992347829	-6.443965266692932	-2.214164909293921	4.549617679372829	9.78462	-0.965647	-0.333006	1477010465559622.0	5.65	-8.15	1.99952	1.99953
3.5313864480497883	-6.03646283468697	-2.177436010598929	4.725270312250709	9.80473	-0.939805	-0.960882	1477010465659638.0	5.8	-7.95	0.999944	1.99989
3.5358265807105984	-5.65190798117923	-2.1418386516449726	4.86298788832604	9.71238	-0.915003	-0.433286	1477010465759698.0	5.95	-7.75	1.99772	1.99772
3.5412727262131605	-5.273056513384328	-2.1081277472244344	4.97212387487615	9.7524	-0.886108	-0.238878	1477010465864704.0	6.15	-7.55	1.8199	1.8199
3.557527821738825	-4.909442618752502	-2.062104002185629	5.042494618183901	9.5193	-0.854097	0.571373	1477010465969718.0	6.4	-7.35	2.99605	1.99736
3.5997564890287097	-4.602533521019745	-2.0122662350492084	5.072548908647356	9.83822	-0.825564	0.654754	1477010466074711.0	6.65	-7.2	1.8206	0.910303
3.6183729224203875	-4.30305395271858	-2.0076066958279997	5.109838986263963	9.75541	-0.799682	-0.0700368	1477010466179676.0	6.85	-7.05	1.99848	1.99848
3.6852031112783603	-4.057145613775792	-1.9602603612379201	5.088449303373141	9.98866	-0.768765	0.81251	1477010466284723.0	7.1	-6.85	2.72688	1.81792
3.7358644646720967	-3.8018376008518953	-1.9497624274536312	5.070859914596894	10.0188	-0.735659	0.0377937	1477010466394730.0	7.35	-6.65	1.81821	1.81821
3.8101844556137063	-3.578992686345359	-1.9141738409416524	5.010571338489709	9.96291	-0.711687	0.751952	1477010466504757.0	7.55	-6.5	1.81726	0.908632
3.9357685349486213	-3.4064384580045055	-1.834105156528742	4.9015368796999	10.1729	-0.687264	1.46825	1477010466614740.0	7.8	-6.4	2.72951	0.909839
4.038074268879216	-3.24856180447085	-1.8125006540251853	4.812593933889753	9.98859	-0.65929	0.432862	1477010466719684.0	8.05	-6.25	2.00047	2.00048
4.197861767006384	-3.1239634615449208	-1.7385466512494259	4.692078027912337	10.2866	-0.629609	1.03301	1477010466824677.0	8.3	-6.05	2.72702	1.81801
4.3750689803437925	-3.0148639446134324	-1.6607096005509552	4.560316444370784	10.375	-0.605303	0.959092	1477010466929651.0	8.55	-5.9	2.00127	1.00064
4.6080376636635085	-2.945935288564406	-1.5376251273710313	4.411009776447305	10.625	-0.579961	1.49575	1477010467029625.0	8.8	-5.75	2.99963	1.99976
4.844508781364234	-2.8770747967677	-1.439336323844547	4.272417423694868	10.8081	-0.549553	0.759227	1477010467129707.0	9.05	-5.55	1.99699	1.997
5.059348115182066	-2.774403194093588	-1.3547407941551095	4.1384173732730245	10.5876	-0.523958	0.708015	1477010467234830.0	9.25	-5.35	1.8166	1.81659
5.288459971241819	-2.6644727863979076	-1.2609496513093004	3.9966617818460763	10.6878	-0.497879	0.724693	1477010467344757.0	9.45	-5.15	1.8222	1.82219
5.563718838131491	-2.5899454696267226	-1.1240732532920656	3.840124083486005	10.8597	-0.480893	1.35607	1477010467449735.0	9.65	-5.0	1.99604	0.998028
5.835933030375727	-2.519675723121097	-1.0170617112324543	3.690214518582411	11.0125	-0.457284	0.645184	1477010467554811.0	9.85	-4.85	1.81895	1.81894
6.1100579338761785	-2.431464636253561	-0.9136349999805616	3.5451307470016755	11.0854	-0.430334	0.501275	1477010467664743.0	10.05	-4.6	1.81966	2.72951
6.393262351083152	-2.334973436382724	-0.7956234218373148	3.406745340267898	11.0567	-0.402233	0.823486	1477010467774672.0	10.25	-4.35	1.81908	1.81907
6.706730119182827	-2.2573682419009247	-0.6660611624911955	3.274201045666748	11.3494	-0.375162	0.778181	1477010467879630.0	10.45	-4.1	2.00061	3.0009
7.042495226789032	-2.180051648657467	-0.5082783513987084	3.15374439958499	11.455	-0.3466	1.31515	1477010467979624.0	10.65	-3.85	1.99963	1.99964
7.310289798735586	-2.0895044963725393	-0.44576949264772653	3.05092587010493	11.3478	-0.321223	-0.147548	1477010468079642.0	10.8	-3.6	0.999844	2.99952
7.623766458983752	-1.9866141094268182	-0.3040015599531522	2.9517978963469824	11.4637	-0.297497	1.34361	1477010468179635.0	10.95	-3.35	2.00065	2.00064
7.882930741916232	-1.876669988274324	-0.2447382075672478	2.8649057927729276	11.4488	-0.271915	0.00655611	1477010468279692.0	11.1	-3.1	0.998546	2.99563
8.110853866111226	-1.7479605914002925	-0.22880292142232128	2.7859408753316814	11.4825	-0.245369	-0.702556	1477010468384690.0	11.15	-2.8	0.0	2.73104
8.32346828146533	-1.6021893791227046	-0.21196782637501507	2.7084832201633873	11.3918	-0.225176	-0.449848	1477010468494625.0	11.15	-2.55	0.0	1.81785
8.577042971851602	-1.4493224191352307	-0.11025462532741613	2.642086684459522	11.3915	-0.199406	1.24065	1477010468599702.0	11.25	-2.25	1.99733	3.99465
8.783350640648994	-1.2933535679531853	-0.09262023241570996	2.5843546568501994	11.4735	-0.168155	-0.239169	1477010468704758.0	11.35	-1.95	0.0	1.81854
8.985473242525533	-1.125302569011716	-0.07547065339184106	2.5267723990505555	11.5444	-0.147849	-0.188915	1477010468814741.0	11.35	-1.7	0.0	2.72762
9.116686805521727	-0.9561668861968478	-0.13825214386618312	2.4713106288433213	11.3388	-0.12234	-1.27743	1477010468924749.0	11.3	-1.4	-0.908846	2.72653
9.190646384004307	-0.7848644598046399	-0.2501107256542323	2.4179201116607985	11.1287	-0.0978734	-1.86279	1477010469034705.0	11.15	-1.1	-1.82014	2.73021
9.243318390452318	-0.6115191275553736	-0.3507098063938107	2.3744890664692764	10.9533	-0.0723018	-1.45714	1477010469139628.0	11.0	-0.799999	-1.00036	3.00107
9.233920251070524	-0.44538280613337217	-0.5085914236875202	2.3338510422158167	10.7256	-0.0453229	-2.2716	1477010469239610.0	10.85	-0.5	-2.00003	3.00006
9.222046939760059	-0.2685796780261169	-0.6402755551409651	2.292188398987188	10.6938	-0.0284812	-1.8134	1477010469344622.0	10.65	-0.3	-1.81779	0.908892
9.145855035445479	-0.11444071384623733	-0.8403156113566818	2.2330491278431976	10.5043	-0.0147089	-2.93008	1477010469449624.0	10.4	-0.15	-3.00061	2.00041
9.054863596264347	0.026739253828339013	-1.0001021315157566	2.1741509142192377	10.141	-0.00711558	-1.90917	1477010469549703.0	10.15	-0.0499992	-1.99645	0.0
8.929811750460578	0.15029458951686975	-1.1932978498983344	2.095967808732666	10.0898	-0.000164915	-2.6309	1477010469654702.0	9.9	9.49949e-07	-2.73175	0.910584
8.724164146592624	0.25433497259905835	-1.4344159272795827	2.00526787688412	9.50438	0.00876647	-3.02557	1477010469759688.0	9.6	0.100001	-2.99544	0.998471
8.522053419154284	0.35822764957034414	-1.619083863987272	1.9215372003377884	9.22961	0.0175293	-1.86965	1477010469864720.0	9.35	0.15	-1.81963	0.0
8.276161846020209	0.4277569758065382	-1.8584100395853922	1.8148686629508746	9.07524	0.0226968	-2.96695	1477010469969667.0	9.1	0.2	-3.00059	1.0002
8.018608117258879	0.476958374166702	-2.0943341297070335	1.7064420972868373	8.84543	0.0291284	-2.90258	1477010470069658.0	8.8	0.25	-2.99995	0.0
7.724291178044217	0.5066988430542454	-2.3368093198016124	1.5897577708383022	8.43911	0.029295	-2.8363	1477010470169772.0	8.5	0.25	-2.99323	0.0
7.4173849201328155	0.5268805671243941	-2.5624948767859554	1.4678599291124794	8.27433	0.0294916	-2.5969	1477010470274784.0	8.2	0.25	-2.73233	0.0
7.081909616613785	0.5201006602330926	-2.804895234863396	1.3329031168131258	7.98315	0.0256301	-2.85879	1477010470379643.0	7.9	0.2	-3.00234	-1.00078
6.704871463098915	0.4830707517792169	-3.076579022443144	1.1882074506667513	7.46312	0.019266	-3.11504	1477010470479672.0	7.6	0.15	-2.99599	0.0
6.355969249401465	0.4490532959791461	-3.2689190115749365	1.0550237034663554	7.38047	0.0128858	-1.78619	1477010470584745.0	7.35	0.100001	-1.81801	-0.908998
5.976278343977768	0.3772402200702001	-3.5007790302859694	0.8947338969757057	7.32563	-0.00630343	-2.78329	1477010470694797.0	7.1	-0.0499995	-2.72495	-1.81664
5.644710122609395	0.28313344243735683	-3.6291693090775263	0.7361654460965577	7.10159	-0.0371997	-0.867081	1477010470804752.0	6.9	-0.25	-0.910634	-1.82126
5.232493297427554	0.14557745466869984	-3.887848862908168	0.5539185537760228	6.66164	-0.0676942	-3.03601	1477010470909720.0	6.7	-0.45	-2.99641	-1.99759
4.885297629358361	-0.005237826902023762	-4.019849056572689	0.38166689752161786	6.54413	-0.109938	-0.762244	1477010471014729.0	6.5	-0.7	-0.909955	-2.72986
4.556441289887305	-0.1706376005997911	-4.126839157584194	0.2130441634916701	6.50274	-0.154318	-0.418379	1477010471119716.0	6.4	-1.0	-0.999224	-2.99766
4.207726169908649	-0.3473308062154786	-4.2473922733622524	0.0513920290585273	6.27693	-0.205206	-0.50992	1477010471224778.0	6.3	-1.3	-0.908722	-2.72618
3.944568719187738	-0.525908237483423	-4.235339737228438	-0.09976107039928495	6.57101	-0.247004	1.50277	1477010471334717.0	6.3	-1.6	0.910485	-2.73144
3.7026476009863787	-0.6913256762148619	-4.248928861734689	-0.220474241065978	6.61568	-0.2897	0.888256	1477010471439714.0	6.35	-1.9	0.0	-2.99515
3.5002122842599777	-0.8535965909342428	-4.2389548617421156	-0.32218895941182535	6.82616	-0.333515	0.963947	1477010471544769.0	6.35	-2.2	0.0	-2.72856
3.341343696104196	-1.0287434945846068	-4.159454358453287	-0.4251520017885806	6.98476	-0.375575	1.93359	1477010471654796.0	6.4	-2.5	0.908227	-2.7247
3.1931563583701967	-1.1832307326172056	-4.1109508851526355	-0.4773356084868147	7.04974	-0.410031	0.8694	1477010471764848.0	6.45	-2.8	0.0	-2.72732
3.103686238593538	-1.3708417111269973	-3.97943587149036	-0.5634310898427095	7.07693	-0.451697	2.31494	1477010471874849.0	6.5	-3.15	0.909078	-3.6363
3.08282923129191	-1.5820167043526123	-3.817416001313943	-0.6470637282222099	7.52682	-0.488801	2.06302	1477010471984794.0	6.6	-3.5	0.910038	-2.7301
3.1056067150508033	-1.8131564948639127	-3.6298702246037404	-0.7291987414827541	7.721	-0.51755	2.03882	1477010472094797.0	6.7	-3.8	0.908095	-2.7243
3.1593598261511415	-2.0604765077490548	-3.426964657704601	-0.806277930644067	7.85227	-0.5424	1.92133	1477010472204746.0	6.8	-4.1	0.910949	-2.73284
3.260165361434888	-2.321909855878798	-3.2137665905745054	-0.8800906222717004	8.11508	-0.562462	1.69022	1477010472309642.0	6.9	-4.35	0.999834	-1.99968
3.4192310217399373	-2.6309574047842537	-2.9449807606269935	-1.0157844215070189	8.35836	-0.579578	3.03057	1477010472409738.0	7.05	-4.6	1.99653	-2.99479
3.5823643377448002	-2.9329249068659466	-2.701008574650212	-1.1109999055891908	8.58227	-0.592606	2.07227	1477010472509776.0	7.2	-4.85	1.00098	-2.00196
3.7604592286721252	-3.265036044976412	-2.4422244705133926	-1.2202608662564751	8.88891	-0.610082	2.25633	1477010472614692.0	7.3	-5.1	0.90969	-2.72906
3.9684438374194286	-3.6370569500834815	-2.147364450456262	-1.3791316137520158	9.05785	-0.626214	3.44331	1477010472719663.0	7.45	-5.4	1.99976	-2.99964
4.191035567470379	-3.9887536476883785	-1.8924733705402883	-1.4831461382750477	9.4601	-0.639334	2.07117	1477010472819650.0	7.6	-5.65	1.00038	-2.00076
4.423246313338286	-4.369715680703302	-1.6146684494106012	-1.6190230715996834	9.60303	-0.650794	2.99934	1477010472924680.0	7.75	-5.9	1.81659	-2.7249
4.661539435050117	-4.744416689509276	-1.3661702331401795	-1.7052346075139535	10.0235	-0.660739	1.82872	1477010473034718.0	7.9	-6.15	0.909251	-1.81851
4.932154012734683	-5.142128487862301	-1.0922350477734102	-1.8225926301736102	10.3121	-0.667107	2.66075	1477010473144782.0	8.05	-6.35	1.81576	-1.81577
5.230400768536914	-5.553666011378912	-0.8096443302641028	-1.9502095874646888	10.6726	-0.673465	3.0068	1477010473254746.0	8.25	-6.6	1.8218	-2.73269
5.525377545794543	-5.949529258349367	-0.560591577453577	-2.0443836622338245	10.9601	-0.688074	2.42458	1477010473364703.0	8.4	-6.9	0.907987	-2.72401
5.820305417858823	-6.3419554182894995	-0.3261821211040665	-2.1345495791921287	11.191	-0.703148	2.55121	1477010473474712.0	8.5	-7.2	0.910054	-2.73014
6.124346470571161	-6.721125757666531	-0.09945790226331175	-2.22202023991531	11.4834	-0.710496	2.74755	1477010473579698.0	8.65	-7.45	1.99827	-1.99828
6.4143356247017085	-7.076202085479137	0.09931729795432104	-2.2843498233816404	11.6331	-0.719838	2.5798	1477010473684743.0	8.8	-7.7	0.909061	-2.72717
6.704053761069739	-7.434533585411561	0.2801737592004345	-2.3354047783878706	11.9356	-0.731085	2.49207	1477010473794754.0	8.9	-8.0	0.908945	-2.72688
6.995060745326772	-7.784518104055569	0.4475839447298596	-2.378266431881571	12.2284	-0.739285	2.50621	1477010473904699.0	9.05	-8.25	1.82026	-1.82027
7.285201311392128	-8.119284292254711	0.6135144965870081	-2.4292439582117824	12.4412	-0.745624	2.97957	1477010474009643.0	9.2	-8.5	0.999884	-2.99963
7.558163038497619	-8.428951643961588	0.7507045689697001	-2.4616173364748577	12.7039	-0.756748	2.71995	1477010474109686.0	9.3	-8.8	0.999284	-2.99783
7.826903179291984	-8.739723146914272	0.8520751525769208	-2.462708643850634	13.1658	-0.767119	1.91016	1477010474214714.0	9.4	-9.05	0.909209	-1.81844
8.086385996675316	-9.052506465044123	0.951465619836945	-2.474836957534272	13.2358	-0.776088	2.49057	1477010474324744.0	9.5	-9.3	0.908483	-2.72543
8.354723839783887	-9.376861541126157	1.048205843081435	-2.494791756196117	13.696	-0.785123	2.56399	1477010474434742.0	9.6	-9.6	0.909756	-2.72927
8.621810275262982	-9.70292176711109	1.1446138261542438	-2.5292255761809472	14.0976	-0.795739	2.84598	1477010474539772.0	9.7	-9.9	0.998626	-2.99586
8.836468456999965	-9.979549621093655	1.179591099884031	-2.5057209834376297	14.1089	-0.807364	1.87476	1477010474644816.0	9.75	-10.2	0.0	-2.72857
9.050958918768174	-10.276806129349294	1.2244094860930204	-2.508746679038706	14.3022	-0.818543	2.54971	1477010474754750.0	9.8	-10.5	0.909773	-2.7293
9.244767133602556	-10.563799360888776	1.2363170366824834	-2.4866090419347615	14.6457	-0.831495	1.87281	1477010474864685.0	9.85	-10.8	0.0	-2.72846
9.42080760188498	-10.851095760422178	1.2421369959426036	-2.4733667048598003	14.8355	-0.845076	2.08863	1477010474974658.0	9.85	-11.1	0.0	-2.72748
9.582608780685197	-11.138686152324928	1.2473159874464719	-2.474677957676855	15.1415	-0.858804	2.28971	1477010475079710.0	9.85	-11.4	0.0	-2.9967
9.715584238999371	-11.409137456878772	1.2183893114463078	-2.446034257446925	15.3827	-0.87173	1.57763	1477010475184757.0	9.8	-11.7	-0.909227	-2.72768
9.820370223989917	-11.680600350661663	1.1697141275638587	-2.4106786464576073	15.4788	-0.888766	1.45861	1477010475294773.0	9.7	-12.0	-0.908714	-2.72613
9.884363028794965	-11.92986240202448	1.090000663765603	-2.351278892329324	15.5601	-0.905614	0.938636	1477010475404763.0	9.6	-12.25	-0.909639	-1.81931
9.899511108803006	-12.141913475763367	0.9744465166159271	-2.257033847893185	15.5217	-0.921231	0.267302	1477010475514728.0	9.45	-12.45	-1.81824	-1.81825
9.896704545733067	-12.368524773812542	0.8513163406126742	-2.170195943930712	15.8729	-0.942024	-0.053447	1477010475624757.0	9.2	-12.65	-2.72578	-1.81718
9.849259370519635	-12.571753637809548	0.7234401216157906	-2.089567536945546	15.6473	-0.959771	0.301972	1477010475734757.0	8.95	-12.85	-1.8192	-1.81921
9.756704919278075	-12.756076748689221	0.575989340377663	-1.9983457420102264	15.5759	-0.982069	0.0451108	1477010475844715.0	8.7	-13.05	-2.72781	-1.81854
9.617088198998049	-12.90337754162992	0.3782875163512462	-1.844843551932242	15.7178	-1.00436	-1.56759	1477010475954722.0	8.4	-13.15	-2.72644	0.0
9.439429929924223	-13.006019525389588	0.18151515241147248	-1.6890930234283184	15.4407	-1.01846	-1.48784	1477010476059726.0	8.1	-13.15	-3.00083	0.0
9.250382108759759	-13.126308380794498	0.012846998650898223	-1.5811856692344741	15.4191	-1.03651	-0.716977	1477010476164747.0	7.8	-13.2	-2.72553	-0.908516
9.013861947089223	-13.193641671908482	-0.1983942972125038	-1.4035693263173192	15.2661	-1.05621	-2.11606	1477010476274819.0	7.5	-13.2	-2.72544	0.908483
8.758011506578024	-13.254647498746174	-0.38580023531836893	-1.2616040400002262	15.0349	-1.07175	-1.34238	1477010476384794.0	7.2	-13.15	-2.73035	0.0
8.474380407391823	-13.287642782871055	-0.5812019207959247	-1.1021967660144174	14.893	-1.09086	-1.71646	1477010476494735.0	6.85	-13.15	-3.63616	0.0
8.173712745255969	-13.322171213709872	-0.754032706063253	-0.9818564498214565	14.6699	-1.10884	-0.875032	1477010476604787.0	6.55	-13.15	-1.81656	0.0
7.8477511308827035	-13.293767394038612	-0.9482336571620302	-0.7996289000713651	14.4304	-1.12445	-1.88305	1477010476714759.0	6.3	-13.1	-2.73109	0.910352
7.502856045126833	-13.199023689007246	-1.1581603563443985	-0.555998346470552	14.1864	-1.13755	-2.90062	1477010476824762.0	6.0	-12.95	-2.72331	1.81553
7.158176739060899	-13.122829262770887	-1.3364841133001866	-0.3661963408045934	14.1065	-1.15181	-1.95986	1477010476934819.0	5.7	-12.8	-2.72842	0.909475
6.796116314224233	-12.985086445090547	-1.526306731566009	-0.12332496566495782	13.8068	-1.16747	-2.70953	1477010477044722.0	5.4	-12.65	-2.731	1.82067
6.430794985181828	-12.817643748170404	-1.7022637496995845	0.11950397610713873	13.5269	-1.17869	-2.4779	1477010477154646.0	5.15	-12.45	-1.81821	1.8182
6.082072428389035	-12.619950339535686	-1.8635085488550316	0.3727411897689401	13.3273	-1.18622	-2.53566	1477010477259657.0	4.95	-12.25	-1.99957	1.99957
5.7548063319472345	-12.394561124207861	-2.0013808726072524	0.6173748559357773	12.9798	-1.18873	-2.09258	1477010477359671.0	4.8	-12.05	-0.999954	1.99993
5.425981354225899	-12.078842005641345	-2.1510915906460184	0.9504158536282148	12.539	-1.19655	-3.42819	1477010477459668.0	4.65	-11.8	-2.0002	3.00031
5.121252915557786	-11.796570179752367	-2.2594684693311424	1.2049065879394627	12.4176	-1.19677	-1.98844	1477010477559726.0	4.55	-11.55	0.0	1.99749
4.833523471772326	-11.405549681868983	-2.3697262648935347	1.5731771124101026	12.0696	-1.19087	-3.81549	1477010477664786.0	4.5	-11.25	-0.90916	3.63662
4.553084965370538	-11.044183640195538	-2.436179472968806	1.8322889467192254	11.7368	-1.18684	-1.55765	1477010477774786.0	4.45	-10.95	0.0	1.81807
4.318599492509009	-10.646572631078913	-2.4847616944261355	2.137108394235984	11.6867	-1.17618	-2.47213	1477010477884761.0	4.45	-10.7	0.0	2.72865
4.10648454565048	-10.213827419351924	-2.5176504003553073	2.448235141921306	11.3043	-1.16677	-2.36037	1477010477994802.0	4.45	-10.4	0.0	2.72392
3.931720752549309	-9.773183423558024	-2.527102655561879	2.7481615705346756	11.1445	-1.152	-2.18731	1477010478104838.0	4.5	-10.1	0.909624	2.72885
3.789615017665798	-9.298375233594566	-2.516826609971467	3.050117585301197	10.7341	-1.13037	-1.9859	1477010478214806.0	4.6	-9.8	0.909111	2.72733
3.689069415007331	-8.832879645504622	-2.4836556227108084	3.328632330799313	10.6729	-1.10786	-1.7483	1477010478324774.0	4.75	-9.5	1.81921	2.7288
3.617316651604652	-8.341471842398938	-2.4416940203666133	3.6186677041060946	10.4052	-1.08079	-1.92895	1477010478434764.0	4.9	-9.2	0.908739	2.72622
3.5759338727257273	-7.896120393393967	-2.37674585303734	3.8357297660665384	10.3962	-1.05915	-0.886898	1477010478544824.0	5.05	-8.95	1.8169	1.81688
3.5497098698051257	-7.420140889776296	-2.3164169164608754	4.075105350539261	10.09	-1.02781	-1.24596	1477010478654806.0	5.25	-8.7	1.8201	2.73014
3.5340173873565486	-6.956879742263442	-2.2573252233378227	4.289217961193432	9.95856	-1.00261	-0.973357	1477010478764679.0	5.4	-8.45	0.910244	1.82049
3.5351638968109214	-6.529707144983389	-2.2144713381930847	4.500384996579276	10.0625	-0.976143	-1.42162	1477010478869695.0	5.55	-8.2	1.99657	2.99484
3.545122841465592	-6.106192042068996	-2.15749529691222	4.6631492926075895	9.6935	-0.942624	-0.325581	1477010478974765.0	5.75	-7.95	1.81871	1.81872
3.56051408648667	-5.695241339164514	-2.0986447695771235	4.789062187471798	9.73588	-0.912814	-0.00486679	1477010479084702.0	6.0	-7.75	2.72961	1.81974
3.5923503195504356	-5.326756025168921	-2.054875582288875	4.90508914341148	9.82092	-0.878335	-0.277344	1477010479189675.0	6.25	-7.55	1.9992	1.9992
3.621152275897327	-4.977598135160897	-2.0226446091415715	4.995453705276317	9.75766	-0.849487	-0.0978727	1477010479294668.0	6.45	-7.35	1.81911	1.81911
3.6600555444933662	-4.666845301988154	-1.9926547656767546	5.048961614540073	9.86809	-0.822197	0.120418	1477010479399642.0	6.65	-7.15	1.99996	1.99996
3.7115287819166625	-4.3986612504055795	-1.9571699812424266	5.067371519184514	9.74178	-0.796215	0.681366	1477010479499705.0	6.85	-7.0	1.99752	0.998765
3.7564458593850496	-4.1277008389646515	-1.9315803387429324	5.066849448319872	9.73646	-0.767898	0.636735	1477010479604705.0	7.1	-6.85	2.73035	1.82023
3.808653776228235	-3.8787935719615136	-1.9195908004271416	5.05529890829683	9.82669	-0.735388	0.310058	1477010479709628.0	7.35	-6.65	2.0006	2.0006
3.9057153104990836	-3.6952332044584466	-1.8748568315953151	4.998891377369791	10.0155	-0.711196	0.937302	1477010479809654.0	7.55	-6.5	1.99841	0.999204
4.0391730650192335	-3.5383897189783804	-1.7882469471680968	4.903792586438397	10.0688	-0.686191	1.79052	1477010479909703.0	7.8	-6.4	2.99952	0.999844
4.1449941020494805	-3.379501879185096	-1.7726266759836171	4.821697296279141	10.2955	-0.660707	0.133278	1477010480014777.0	8.05	-6.25	1.81603	1.81603
4.246650950853048	-3.1982850380004204	-1.7494605697860295	4.728337381278784	10.0748	-0.631835	0.423922	1477010480124811.0	8.25	-6.05	1.81921	1.81921
4.425370713955784	-3.0582990040731213	-1.637845686520334	4.587022904447389	10.2941	-0.606816	1.81063	1477010480234745.0	8.5	-5.9	2.729	0.909673
4.616359723453811	-2.93413433037585	-1.540164436369516	4.441980335301415	10.3761	-0.579463	1.35126	1477010480344702.0	8.8	-5.75	2.72771	1.81848
4.823454105941655	-2.8406386545134015	-1.4626303888224432	4.301916877407689	10.5509	-0.550533	0.683611	1477010480449708.0	9.05	-5.55	1.99939	1.9994
5.065561182300786	-2.76158411829832	-1.3526593395820936	4.1483413029467915	10.7242	-0.529443	1.0617	1477010480554736.0	9.25	-5.4	1.81776	0.90888
5.27434301795286	-2.661811902958939	-1.2992336808412688	4.0052298166059215	10.6867	-0.503878	0.00801584	1477010480664832.0	9.45	-5.2	1.81545	2.72317
5.5274991459464555	-2.5632069644813686	-1.1896279611681788	3.8575841868824305	10.7882	-0.472652	0.842123	1477010480774817.0	9.65	-4.95	1.82145	1.82147
5.823072091751856	-2.485249945519003	-1.0556584579054733	3.700534105874995	11.1251	-0.450929	0.916652	1477010480884675.0	9.85	-4.75	1.81961	1.8196
6.109501580924297	-2.406547612681912	-0.9305982263501658	3.5569350013626515	10.9735	-0.424449	0.969135	1477010480989675.0	10.05	-4.55	1.99827	1.99828
6.38407088487836	-2.3195281006315582	-0.8304136346456438	3.4250073955461686	11.012	-0.396725	0.528506	1477010481094757.0	10.25	-4.3	1.81693	2.72538
6.686403867888576	-2.2157713485571375	-0.690904797236106	3.2921588417494134	11.1324	-0.37187	1.16702	1477010481204756.0	10.45	-4.05	1.81951	1.8195
7.004121680222802	-2.114949562734692	-0.5504535571470176	3.1629322176287147	11.3205	-0.346977	1.07019	1477010481314716.0	10.65	-3.85	1.81817	1.81818
7.335983513813654	-2.0141319024628546	-0.41033346985940056	3.0395353667052927	11.5288	-0.321428	0.958754	1477010481424777.0	10.85	-3.6	1.81621	2.7243
7.638198640022839	-1.9049859057842997	-0.3252282216546327	2.9308398190315894	11.5968	-0.290931	0.0529376	1477010481534865.0	11.0	-3.3	0.908632	2.72588
7.909722145796422	-1.7753982836903928	-0.25219462925908687	2.8365318918050075	11.3751	-0.262609	0.248627	1477010481644844.0	11.1	-3.0	0.909905	2.72971
8.135661584089787	-1.643697959788531	-0.2406312254325547	2.7491260885033135	11.3429	-0.237942	-0.657875	1477010481754772.0	11.15	-2.7	0.0	2.72847
8.369827496161944	-1.5075617966759105	-0.21827318374863583	2.6683272837174083	11.5121	-0.212107	-0.543635	1477010481864748.0	11.15	-2.4	0.0	2.72732
8.636569759050714	-1.3437033360015953	-0.10802600145268143	2.602982419275345	11.4133	-0.184157	1.27014	1477010481974721.0	11.25	-2.1	1.81905	2.72856
8.821032467699348	-1.193171543291903	-0.14724777775406772	2.5367505730023248	11.5354	-0.157397	-1.33198	1477010482084691.0	11.3	-1.8	-0.90916	2.72747
9.005606597463206	-1.0253886662262226	-0.147109241144467	2.4811649489019816	11.4353	-0.133106	-0.409532	1477010482194770.0	11.25	-1.5	0.0	2.72321
9.138409844775879	-0.8535850486817287	-0.20906866484462283	2.4302913198236142	11.3746	-0.104867	-1.32078	1477010482304826.0	11.2	-1.2	-0.909524	2.72856
9.187102194381806	-0.6809557754268817	-0.3459130574926541	2.379236078764264	11.0344	-0.0810376	-2.19048	1477010482414762.0	11.05	-0.9	-1.81945	2.72916
9.22909516958311	-0.4888784929247895	-0.44175497570691147	2.3414199089591228	10.852	-0.0540255	-1.26188	1477010482524680.0	10.9	-0.599999	-0.909839	2.72952
9.175815817671594	-0.32868054964136145	-0.6563193343432489	2.2876646421528015	10.637	-0.0338463	-3.16697	1477010482629713.0	10.7	-0.349999	-2.99538	1.99692
9.13399425985487	-0.1572832204783279	-0.7941362811446502	2.242638880534942	10.434	-0.0187044	-1.67055	1477010482734821.0	10.45	-0.2	-1.81715	0.908579
9.027308451661755	-0.00686826674816346	-0.9932109640595717	2.173576697567227	10.2074	-0.0106801	-2.6148	1477010482844758.0	10.2	-0.0999996	-2.73194	0.910655
8.878822298671738	0.12976374677926977	-1.2026387887931624	2.0966193935051898	9.89001	0.000825869	-2.58728	1477010482954714.0	9.9	9.49949e-07	-2.72481	0.908268
8.722098155676974	0.2587016318126871	-1.3754149139135894	2.018753055653314	9.63573	0.00964489	-1.81622	1477010483064783.0	9.65	0.100001	-1.81759	0.908784
8.53502089229008	0.3551990814191991	-1.5853349882772354	1.9200016550723773	9.5634	0.0155366	-2.61454	1477010483174816.0	9.4	0.15	-2.72659	0.0
8.293376737774242	0.4341966279254547	-1.8140099045241622	1.8136588670793072	9.08448	0.0228764	-2.61295	1477010483284790.0	9.1	0.2	-2.72925	0.909752
8.035321125059685	0.4939760946946662	-2.0475446476716117	1.6993565705228462	8.95026	0.0295912	-2.79773	1477010483394739.0	8.8	0.25	-2.72783	0.0
7.730092984681656	0.5290778716035038	-2.292803618063136	1.5739137164689616	8.47238	0.0296451	-2.72052	1477010483504796.0	8.5	0.25	-2.72395	0.0
7.412815778844241	0.5333366547781637	-2.535004424687328	1.434333157592465	8.28345	0.0237815	-2.75499	1477010483614752.0	8.2	0.2	-2.73278	-0.910929
7.0153758746428405	0.49404614850290474	-2.866225064803644	1.2728191680944105	7.74832	0.0199538	-4.06511	1477010483719651.0	7.85	0.15	-3.9992	0.0
6.688479429440462	0.46988957616954596	-3.0726809420463503	1.1460556403494309	7.62144	0.020608	-1.92459	1477010483819695.0	7.55	0.15	-1.99868	0.0
6.305846351122128	0.42475202564155434	-3.326901269316906	1.0038360402093573	7.34552	0.013889	-2.79671	1477010483924750.0	7.3	0.100001	-2.72622	-0.908734
5.9185768694015355	0.3572392824210323	-3.5347616010251888	0.8534952388313798	7.05739	-0.00713726	-1.92312	1477010484034750.0	7.05	-0.0499995	-1.81887	-1.81889
5.53596621208246	0.2561756366597405	-3.7272382101871777	0.6894606449529512	6.87642	-0.0353825	-1.74942	1477010484144737.0	6.85	-0.25	-1.81792	-1.81792
5.1573565887363	0.12902678776350981	-3.9146952966377144	0.5185007953491566	6.77279	-0.0670127	-1.80294	1477010484254726.0	6.65	-0.45	-1.81881	-1.8188
4.793541354435828	-0.030357185954596633	-4.072026070734188	0.33818506431894546	6.64863	-0.115431	-1.34231	1477010484364662.0	6.45	-0.749999	-1.81971	-3.63941
4.4922540394353305	-0.21234143683400536	-4.130655251279624	0.158992285229181	6.45072	-0.171362	0.516744	1477010484469697.0	6.35	-1.1	0.0	-2.99522
4.19753518270414	-0.3971924298603211	-4.191273917444234	-0.006224311771727387	6.46485	-0.219372	0.384586	1477010484574760.0	6.35	-1.4	0.0	-2.72817
3.93569020923861	-0.5778395547977278	-4.212532951604764	-0.1512411489074722	6.74008	-0.262061	0.70842	1477010484684762.0	6.35	-1.7	0.0	-2.72628
3.680729661347966	-0.7497726957668698	-4.235149563442201	-0.2697260794596593	6.70101	-0.306612	0.641725	1477010484794696.0	6.35	-2.0	0.0	-2.73154
3.466342269054439	-0.9102115042049277	-4.237950777256314	-0.3624580688551953	6.68883	-0.347417	0.876202	1477010484899694.0	6.35	-2.3	0.0	-2.99503
3.313422046022742	-1.079495892080078	-4.166928812620725	-0.4564033199693751	6.81201	-0.386367	1.94865	1477010485004722.0	6.4	-2.6	0.909996	-2.73
3.193377616144474	-1.2533594084608097	-4.064593090145555	-0.5338523202084678	7.01896	-0.421439	1.97259	1477010485114758.0	6.5	-2.9	0.907593	-2.72277
3.139861291274553	-1.4441987537758	-3.9381338621795856	-0.601530446035591	7.4891	-0.460405	1.56	1477010485224853.0	6.55	-3.25	0.0	-3.63617
3.112745597461198	-1.6591164013748527	-3.7755293102750405	-0.6855961219003073	7.42685	-0.499304	2.20461	1477010485334822.0	6.6	-3.6	0.909673	-2.72901
3.1485264962553168	-1.8959315912621266	-3.5734431131859603	-0.7694623689843438	7.73369	-0.519546	2.24171	1477010485444795.0	6.75	-3.85	1.81795	-1.81795
3.2690397028762077	-2.1872181781813196	-3.3122013814960463	-0.8913820010202789	8.32239	-0.540957	2.69981	1477010485554749.0	6.9	-4.15	0.909979	-3.63994
3.37920159644992	-2.4704591899948154	-3.083696887256208	-0.9718494946521493	8.30107	-0.565342	1.79442	1477010485664769.0	7.0	-4.45	0.907889	-1.81577
3.5338558856039657	-2.797325830127614	-2.81534388321633	-1.0922119078635844	8.59318	-0.585948	2.51996	1477010485774801.0	7.1	-4.7	0.909789	-2.72935
3.7259695034147398	-3.163795895334731	-2.5159283966115167	-1.2469665065210938	8.84525	-0.603476	3.20216	1477010485884747.0	7.25	-5.0	1.81861	-2.72792
3.925790434667306	-3.5186886825862036	-2.2473353245765137	-1.367350499600135	9.02066	-0.622827	2.45726	1477010485989735.0	7.4	-5.3	0.999994	-3.0
4.141969191150423	-3.882281643437537	-1.9768501148307063	-1.4843812743721099	9.26753	-0.633155	2.46174	1477010486094756.0	7.55	-5.55	1.81749	-1.81749
4.38232289797809	-4.272677025587159	-1.7014513062219867	-1.6011657664332184	9.74447	-0.645201	2.28392	1477010486204747.0	7.7	-5.8	0.909598	-2.72881
4.626662969687019	-4.660465196679897	-1.430199176000023	-1.7141190218116475	9.84383	-0.656665	2.49108	1477010486314673.0	7.85	-6.05	1.81964	-1.81964
4.915056064810658	-5.076825537393691	-1.1288387298438471	-1.8711065328948098	10.2229	-0.664707	3.50849	1477010486419697.0	8.05	-6.3	1.99731	-2.99599
5.1916917919622385	-5.453522570318642	-0.8865673099540091	-1.9485202884515174	10.5783	-0.673972	1.89866	1477010486524763.0	8.2	-6.55	0.909111	-1.81822
5.460995754318927	-5.835194807133823	-0.6441021194413016	-2.037626924351245	10.6184	-0.686812	2.56302	1477010486634801.0	8.3	-6.8	0.90845	-2.72534
5.776595185160569	-6.258675707125787	-0.37829378749160203	-2.1640794223325264	11.2448	-0.697694	3.19734	1477010486744809.0	8.45	-7.1	1.81925	-2.72886
6.080255014327832	-6.64664463959612	-0.14857026242505356	-2.2444918107825185	11.4023	-0.703311	2.66814	1477010486854698.0	8.65	-7.35	1.82079	-1.8208
6.372919519121274	-7.004122406829489	0.06414533246018372	-2.314958735280322	11.4784	-0.712179	2.92582	1477010486959738.0	8.8	-7.6	0.997629	-2.99288
6.646614480340307	-7.335338441172647	0.231687052538237	-2.3450417984842753	11.741	-0.726703	2.18954	1477010487064854.0	8.9	-7.9	0.909127	-2.72742
6.918408950179457	-7.667722018638138	0.37893278804747965	-2.3617312874974683	12.0578	-0.738017	1.97437	1477010487174826.0	9.0	-8.15	0.909524	-1.81903
7.196388055464446	-8.002924807530043	0.5292589021628332	-2.393311507404273	12.3259	-0.7466	2.46112	1477010487284751.0	9.1	-8.4	0.909922	-2.72975
7.474089423346015	-8.33758007275455	0.6831186327279755	-2.4415080173481765	12.4872	-0.755033	3.12856	1477010487394740.0	9.25	-8.7	1.8169	-2.72535
7.7581587919737105	-8.66802964731265	0.812779282394708	-2.4663401972663173	12.9973	-0.761667	2.54796	1477010487504711.0	9.4	-9.0	0.910219	-2.73069
8.031573508584687	-8.993855177930067	0.928202417822477	-2.497155096408189	13.3492	-0.7773	2.64735	1477010487609747.0	9.5	-9.3	0.997908	-2.99371
8.279758238431684	-9.286158755974688	0.9992369223472345	-2.482180561999065	13.5895	-0.783535	1.80157	1477010487714799.0	9.6	-9.55	0.909971	-1.81993
8.515500963121548	-9.579214196056014	1.0592038824501822	-2.468345314583907	13.7362	-0.793586	1.9961	1477010487824681.0	9.65	-9.8	0.0	-2.73054
8.738748332069108	-9.867177392228184	1.1298768297503827	-2.4840777908860945	13.8624	-0.804437	2.82352	1477010487929707.0	9.7	-10.1	0.998187	-2.99456
8.955566792812602	-10.156536365442896	1.1838707763601615	-2.491990952107988	14.2377	-0.814555	2.56532	1477010488034755.0	9.8	-10.4	0.909806	-2.7294
9.157068676658868	-10.443997770456209	1.2053327168539303	-2.473298179852529	14.5453	-0.825759	1.93079	1477010488144715.0	9.85	-10.7	0.0	-2.72718
9.327393928926915	-10.717296664362499	1.207264907610403	-2.4489879307572595	14.6206	-0.839985	1.93631	1477010488254785.0	9.85	-11.0	0.0	-2.72395
9.496758289185083	-11.009243343717586	1.2122958660280965	-2.4430573213566253	15.0172	-0.853421	2.11639	1477010488364782.0	9.85	-11.3	0.0	-2.73074
9.654508951336446	-11.30601302801406	1.2086767514720658	-2.4391275862705166	15.3302	-0.866059	2.06556	1477010488474779.0	9.85	-11.6	0.0	-2.72396
9.770732410730355	-11.571443302271682	1.1790643413998594	-2.4175587833432535	15.3983	-0.88022	1.79987	1477010488579821.0	9.8	-11.9	-1.0005	-3.00149
9.827985167446597	-11.796635701425423	1.081214531896174	-2.330389758995259	15.5297	-0.900676	0.234171	1477010488684802.0	9.65	-12.15	-1.81799	-1.81797
9.87715530835403	-12.05810043857279	1.009792222082409	-2.2966339596563365	15.6284	-0.919828	1.29552	1477010488794741.0	9.45	-12.4	-1.82042	-2.73064
9.867252827903066	-12.276083707290274	0.8908337934688503	-2.2190711478726515	15.6571	-0.941485	0.291516	1477010488899701.0	9.25	-12.65	-1.99893	-1.99891
9.838591149033281	-12.488801142891617	0.7751115534164763	-2.1497192990369705	15.7268	-0.954682	0.414822	1477010489004723.0	9.05	-12.85	-1.81839	-1.81839
9.76279338806387	-12.67904813654408	0.6087309629478408	-2.026211209247347	15.8476	-0.977762	-0.972751	1477010489114674.0	8.8	-13.0	-2.72942	-0.909806
9.651603934598274	-12.851661625696542	0.45971806941495275	-1.93655428043235	15.6101	-0.995616	-0.116796	1477010489219633.0	8.5	-13.15	-2.99987	-1.99991
9.484940561182501	-12.943868582891154	0.25891563421488534	-1.7670695291859444	15.432	-1.01103	-1.74358	1477010489319687.0	8.25	-13.2	-1.99797	0.998985
9.317119404038753	-13.068484452240424	0.09748263916184557	-1.6582354458903847	15.4246	-1.02553	-0.658323	1477010489424683.0	8.0	-13.2	-2.73	-0.910004
9.092596671716162	-13.139176982065422	-0.1080548883419993	-1.48588791769008	15.1639	-1.04748	-1.86286	1477010489534731.0	7.65	-13.25	-3.62957	0.0
8.854373296779196	-13.221824368884297	-0.29265161987952204	-1.3503538905485606	15.1626	-1.06605	-1.33622	1477010489644778.0	7.3	-13.25	-2.7301	0.0
8.58365761025981	-13.26774195351009	-0.4835468834974307	-1.199338894892092	14.8978	-1.08358	-1.4991	1477010489754727.0	7.0	-13.25	-2.72703	0.0
8.291660563294993	-13.290483722826792	-0.6820304616358854	-1.028070023573283	14.8615	-1.10225	-2.03746	1477010489864730.0	6.7	-13.2	-2.72742	0.909144
7.967928915918717	-13.250194628095125	-0.8866569127375146	-0.826393321001694	14.3946	-1.11583	-2.23409	1477010489974732.0	6.4	-13.1	-2.72703	0.908994
7.638111378757109	-13.213669693396273	-1.074131870617086	-0.6479936107159561	14.3607	-1.13231	-1.93156	1477010490084683.0	6.1	-13.0	-2.73	0.910004
7.310514331958142	-13.169363219840282	-1.2525871915146665	-0.4712513462588216	14.3815	-1.14857	-2.05973	1477010490189750.0	5.8	-12.9	-2.99275	0.99759
6.972972150891704	-13.068156996291265	-1.4303634864049326	-0.26010861565026155	14.0268	-1.15873	-2.36004	1477010490294818.0	5.55	-12.75	-1.81993	1.81994
6.6165750761844615	-12.899649944697392	-1.6062101419093908	-0.014170767134126322	13.5149	-1.16708	-2.47916	1477010490404794.0	5.35	-12.55	-1.81722	1.81723
6.26304650736278	-12.710635417383697	-1.775010887318256	0.24626124675095398	13.4552	-1.17936	-2.79199	1477010490514793.0	5.1	-12.35	-2.72881	1.8192
5.914223510564854	-12.50259471026603	-1.9205103545572972	0.48495272993695054	13.1387	-1.18616	-2.10019	1477010490624800.0	4.9	-12.15	-0.908467	1.81693
5.578897784342202	-12.218208581876167	-2.068436193848632	0.8028883528988887	12.8997	-1.1896	-3.33726	1477010490734847.0	4.75	-11.9	-1.81788	2.72684
5.237624138751203	-11.908885596550341	-2.1932758774340857	1.0795516367570035	12.3042	-1.19578	-2.07279	1477010490844803.0	4.6	-11.65	-0.909963	1.81994
4.92615610384116	-11.522799168673469	-2.315272444891186	1.4456616131134998	12.1226	-1.19333	-3.59435	1477010490954743.0	4.5	-11.35	-0.909227	3.63689
4.643974390611089	-11.189328155617236	-2.3925126757751443	1.7118208111248245	12.0979	-1.19164	-1.93426	1477010491064728.0	4.4	-11.05	-0.909227	1.81845
4.381964105609459	-10.790423748591252	-2.4547821267307004	2.008251515883586	11.5336	-1.18409	-2.00293	1477010491174701.0	4.4	-10.8	0.9094	2.72823
4.1753404546875155	-10.364515035321379	-2.4993361921997677	2.344040847546598	11.4356	-1.17086	-2.81654	1477010491279664.0	4.45	-10.5	0.0	3.00113
4.00100839910284	-9.916984294251625	-2.523736265237724	2.6643530918238083	10.9254	-1.15506	-2.25117	1477010491379669.0	4.5	-10.2	0.999524	2.99855
3.865882528417902	-9.469873052586053	-2.525931320344492	2.9735905884776472	10.8604	-1.13609	-2.26342	1477010491479780.0	4.6	-9.9	0.998267	2.9948
3.743259310254496	-9.022750800495388	-2.501991600724998	3.2234320015568647	10.5329	-1.11857	-1.07221	1477010491584756.0	4.7	-9.65	0.910924	1.82187
3.6432101668299715	-8.543791470267255	-2.473231737745109	3.5070377066999225	10.5106	-1.09824	-1.95487	1477010491694709.0	4.8	-9.4	0.908038	2.72411
3.5743865574866978	-8.05983527269343	-2.4278164797184503	3.772024504246426	10.2807	-1.07104	-1.598	1477010491804763.0	4.95	-9.1	1.81851	2.72776
3.5329062425125826	-7.571903140880967	-2.3731735283677473	4.026879982128612	10.1055	-1.04116	-1.48391	1477010491914804.0	5.15	-8.8	1.8165	2.72476
3.523792498834947	-7.123850709137603	-2.2968587417605386	4.218763303256827	10.0829	-1.0125	-0.557198	1477010492024752.0	5.35	-8.55	1.82159	1.8216
3.513694733422065	-6.674405367549039	-2.242534929324394	4.423548658710214	10.0189	-0.988216	-1.11875	1477010492134713.0	5.5	-8.35	0.908054	1.81609
3.5324511689006357	-6.279501383905387	-2.1603002299273597	4.543054461387881	10.0003	-0.961796	0.253973	1477010492244751.0	5.7	-8.15	2.72851	1.81902
3.5430610798503075	-5.863385242991398	-2.1203082292979727	4.713948080119163	9.9687	-0.926042	-1.09038	1477010492354717.0	5.95	-7.9	1.81851	2.72777
3.5715536723991304	-5.481408637939378	-2.066869370619078	4.82984822565661	9.92266	-0.895106	-0.251318	1477010492464731.0	6.15	-7.65	1.81739	1.81739
3.5978658728816892	-5.113573956315623	-2.028569647757537	4.928811980452475	9.84317	-0.864096	-0.225876	1477010492574809.0	6.35	-7.45	1.8164	1.81641
3.6466340188738275	-4.784862297398811	-1.9761424938867633	4.979645349606804	9.89056	-0.831754	0.387467	1477010492684838.0	6.6	-7.25	2.72856	1.81904
3.6830976243755833	-4.46753381752556	-1.954820225296302	5.026701067294495	9.82091	-0.80111	0.0111151	1477010492794737.0	6.85	-7.05	1.82066	1.82066
3.763744077395806	-4.212550321279897	-1.9009251157289668	5.022874205646082	9.91553	-0.767345	0.813798	1477010492899667.0	7.1	-6.85	2.99976	1.99984
3.8060684368641584	-3.968465057111496	-1.9221994638443234	5.048281173651503	9.78918	-0.739243	-0.48358	1477010492999702.0	7.3	-6.65	0.999384	1.99876
3.9456470667138923	-3.788304178258688	-1.8126761907049067	4.956650424456667	10.1874	-0.716878	2.05987	1477010493104730.0	7.5	-6.55	2.72747	0.0
4.045311201617864	-3.6038688997087744	-1.7881377467174955	4.884152286287361	10.3287	-0.693472	0.298687	1477010493214786.0	7.75	-6.45	1.81623	1.81624
4.1744922833334055	-3.4281180064128502	-1.7115104749243246	4.776259793438923	10.0811	-0.66755	1.53364	1477010493324861.0	8.0	-6.3	2.72648	0.908821
4.297797630899321	-3.279165131314868	-1.700168873069589	4.681677515581462	10.4109	-0.636269	-0.146262	1477010493434854.0	8.25	-6.1	1.81898	2.72847
4.486867910117809	-3.140258826814983	-1.581442822462947	4.544005881364467	10.2804	-0.607939	1.90025	1477010493544847.0	8.5	-5.9	2.72647	0.90883
4.670552383088908	-3.021203315067142	-1.516615556224082	4.412475141909569	10.4873	-0.580994	0.616103	1477010493654873.0	8.75	-5.75	1.81789	1.81788
4.892437956473626	-2.9048129385742385	-1.400304628582799	4.267322992549682	10.4588	-0.551115	1.48103	1477010493764805.0	9.0	-5.55	2.73109	1.82073
5.134677482918895	-2.810699880723951	-1.3015443397027058	4.119205530928617	10.7747	-0.524384	0.767143	1477010493874736.0	9.25	-5.35	1.81796	1.81795
5.405327884119761	-2.713591345517836	-1.1634001497115614	3.965697898382937	10.7517	-0.497219	1.45792	1477010493984708.0	9.5	-5.15	2.72905	1.81937
5.668458013292319	-2.6444398691009763	-1.0871636230742072	3.8247082026744175	11.0341	-0.470968	0.0453641	1477010494089740.0	9.7	-4.95	0.998666	1.99733
5.95694858069457	-2.5709147968190535	-0.9663171926540439	3.6791831259036405	11.0612	-0.449999	0.869401	1477010494194838.0	9.85	-4.75	1.8172	1.81719
6.250863411607213	-2.478816450571025	-0.8405460171494554	3.5356840355504446	11.125	-0.424919	0.928876	1477010494304801.0	10.05	-4.55	1.82042	1.82043
6.580603372132925	-2.3829801856788384	-0.6661765823535329	3.391891364017549	11.1995	-0.399294	1.77981	1477010494414745.0	10.3	-4.35	2.72672	1.81782
6.858993024356562	-2.2901840067203634	-0.6039791405912589	3.2648831797877587	11.3545	-0.370848	-0.30287	1477010494524777.0	10.5	-4.1	0.908764	2.72628
7.158686938906192	-2.1821097800595837	-0.49187422265103686	3.145059267872181	11.3211	-0.342958	0.712047	1477010494634760.0	10.65	-3.8	1.8194	2.72911
7.47951358575151	-2.068474440244289	-0.3523295867465782	3.0300704529544213	11.4312	-0.317652	1.20517	1477010494744718.0	10.85	-3.55	1.81839	1.81838
7.761910128960037	-1.9527745256902231	-0.2829175155188426	2.9256957545256306	11.5021	-0.29106	0.041231	1477010494854745.0	11.0	-3.3	0.908549	2.72563
8.03792073802871	-1.826426168192136	-0.21154263611532392	2.8305344454201427	11.5069	-0.264934	0.216416	1477010494964791.0	11.1	-3.0	0.90888	2.72663
8.301369584977664	-1.6877983218042567	-0.14700861725001219	2.7464119573389936	11.4972	-0.237002	0.259454	1477010495074751.0	11.2	-2.7	0.909988	2.72995
8.519354580807073	-1.5585196964477719	-0.1747035729949585	2.6655218780487613	11.7171	-0.211967	-1.46601	1477010495184782.0	11.2	-2.4	-0.907692	2.72306
8.779130179911816	-1.38661417375909	-0.06457995715521693	2.6050555744925927	11.4117	-0.183451	1.44344	1477010495294756.0	11.25	-2.1	1.8219	2.73284
8.960086685095568	-1.219087290228928	-0.07558130788304913	2.5468510573453695	11.3633	-0.156728	-0.454345	1477010495404793.0	11.35	-1.8	0.0	2.71996
9.129546935245047	-1.0425593992318896	-0.08654606093412356	2.49578098987247	11.3658	-0.130565	-0.347156	1477010495514797.0	11.35	-1.5	0.0	2.73448
9.219136851682737	-0.8866134954933326	-0.20759099898063885	2.442175520540316	11.3141	-0.10593	-2.15196	1477010495619661.0	11.25	-1.2	-1.99969	2.99952
9.280759180552591	-0.7199433797788389	-0.30516415996245144	2.4025714902836257	11.0059	-0.0810972	-1.38138	1477010495719666.0	11.1	-0.9	-1.00006	3.00024
9.299369754297338	-0.5456145979299598	-0.44078855334719835	2.359375765161584	10.911	-0.0601231	-1.96694	1477010495824677.0	10.95	-0.649999	-1.81771	1.81773
9.30136422315841	-0.36127798958567225	-0.5699523552138773	2.314611197505162	10.8361	-0.0408851	-1.78777	1477010495934684.0	10.75	-0.45	-1.81842	1.8184
9.217026513320945	-0.2087858159196208	-0.7943979693566332	2.2541276881969594	10.5532	-0.0235621	-3.26318	1477010496039672.0	10.5	-0.25	-3.00035	2.00024
9.128725252738835	-0.06097780996927482	-0.9644550408735528	2.2001126664147463	10.2565	-0.0112412	-2.08683	1477010496139654.0	10.25	-0.0999996	-2.00053	1.00027
9.01867170141904	0.07953816954873597	-1.1318946773208205	2.1420505707594995	10.0717	0.00163858	-1.97994	1477010496239639.0	10.05	9.49949e-07	-2.00009	1.00004
8.854394777934713	0.18308274443026057	-1.3531814812453544	2.057536540172406	9.84784	0.00284182	-2.93313	1477010496339634.0	9.8	0.0500011	-3.00025	0.0
8.654340216644705	0.2726994172450972	-1.5833189738508329	1.9665651209324755	9.54734	0.0104496	-2.97688	1477010496439659.0	9.5	0.100001	-2.99825	0.999409
8.472968178419123	0.36588341509618877	-1.7470649237216649	1.8786026004024927	9.46208	0.0141913	-1.83274	1477010496544659.0	9.25	0.15	-1.81915	0.0
8.212416081855405	0.4284048411953546	-1.9905170197837156	1.769477275233683	9.02937	0.0217632	-3.05478	1477010496649643.0	9.0	0.2	-2.99927	0.99976
7.927037088779474	0.4708759909684862	-2.2399066801914684	1.6584938157427658	8.6796	0.0285204	-3.02363	1477010496749676.0	8.7	0.25	-2.99873	0.0
7.625798297206008	0.5063849464541901	-2.4668335389101133	1.5438820882197783	8.44466	0.0300046	-2.58343	1477010496854669.0	8.4	0.25	-2.72872	0.0
7.286851998413874	0.5093481495115305	-2.7196070254266442	1.4110295407888154	8.10918	0.0252484	-2.97538	1477010496959655.0	8.1	0.2	-2.99909	-0.9997
6.937024855036606	0.48315971318252754	-2.978069325750136	1.2704124107331083	7.82356	0.0191399	-3.06134	1477010497059653.0	7.8	0.15	-3.00101	0.0
6.5635482390594815	0.44969728932566977	-3.2158385515332366	1.130074860658633	7.49759	0.0134815	-2.56198	1477010497164643.0	7.5	0.100001	-2.72698	-0.908982
6.180771423371015	0.3944233978080279	-3.431478316675831	0.9847010567157044	7.13188	-0.000633743	-2.02086	1477010497269642.0	7.25	9.49949e-07	-2.00032	-1.00016
5.750705320698338	0.3008850530633722	-3.6980943892574913	0.817879241061336	6.77401	-0.0222792	-2.89458	1477010497374674.0	7.0	-0.15	-2.72534	-1.8169
5.388017203616385	0.19487357815561884	-3.848293839710823	0.6600666731442442	6.7132	-0.0517516	-0.920895	1477010497479687.0	6.8	-0.349999	-1.00053	-2.00107
5.035119342567047	0.06590048066418172	-4.033771023510055	0.4974741178054453	6.74335	-0.0817351	-1.87538	1477010497579656.0	6.65	-0.549999	-2.00016	-2.00017
4.698118764543192	-0.07517041601834651	-4.159164203166559	0.34043893637181444	6.44839	-0.121462	-0.595118	1477010497679658.0	6.5	-0.799999	-0.999884	-2.99963
4.3808141136487455	-0.23216221575193574	-4.26427191332561	0.18379572059270324	6.46919	-0.16842	-0.399597	1477010497779665.0	6.4	-1.1	-0.999984	-2.99995
4.125791690882677	-0.3975300828555406	-4.30015485746214	0.033405991716385225	6.70803	-0.215617	0.545837	1477010497879645.0	6.35	-1.4	0.0	-3.00132
3.8374599202120114	-0.5534290528367467	-4.352083541479579	-0.09298861852206983	6.54119	-0.254276	0.351234	1477010497984639.0	6.35	-1.65	0.0	-1.81769
3.5988062494064907	-0.7149907131205341	-4.34480440890678	-0.21287912722621044	6.64128	-0.299712	1.27178	1477010498089657.0	6.35	-1.95	0.0	-3.99976
3.38581118949775	-0.8612562375360682	-4.356554411074726	-0.29943370566670247	6.6916	-0.340776	0.695528	1477010498189661.0	6.35	-2.25	0.0	-2.0
3.2069223371371214	-1.0016723203960343	-4.33331198314184	-0.36791224466324685	6.73182	-0.375521	1.10962	1477010498289662.0	6.35	-2.5	0.0	-3.0
3.0972001817483537	-1.158643818091882	-4.236280021651813	-0.4467487509026085	6.95809	-0.410128	2.11301	1477010498389660.0	6.4	-2.8	1.00003	-3.00012
3.0437390614283006	-1.341834425066315	-4.092529519419951	-0.5407145963336293	7.23519	-0.451689	2.60049	1477010498489695.0	6.5	-3.15	0.999284	-3.99712
3.0063711579541734	-1.5259208342144188	-3.9557603836849564	-0.5991535369276281	7.4921	-0.481382	1.63266	1477010498594681.0	6.6	-3.45	0.909922	-1.81983
3.02777450811082	-1.7425238028375012	-3.757730891191179	-0.685163074657157	7.65601	-0.504076	2.5156	1477010498699664.0	6.7	-3.7	0.999335	-2.99802
3.0668677109217124	-1.9695443671584352	-3.559816108772612	-0.7583083311732758	7.7202	-0.532089	2.13592	1477010498804730.0	6.8	-4.0	0.908549	-2.72564
3.1443051292064523	-2.2247029377666	-3.343276899180931	-0.8255834774574479	8.16769	-0.554308	1.6278	1477010498914716.0	6.9	-4.25	0.90988	-1.81977
3.284310174248178	-2.5192026752319485	-3.082336984606708	-0.9353999525665103	8.43143	-0.57064	2.47219	1477010499019665.0	7.0	-4.5	1.00008	-3.00024
3.473140372903075	-2.8574492652344006	-2.7915643240425263	-1.0913516967105426	8.74234	-0.592929	3.2723	1477010499119665.0	7.15	-4.8	1.99984	-2.99976
3.654489811078335	-3.176633405503997	-2.541719039484242	-1.1882679574067712	8.92451	-0.606477	1.91642	1477010499219655.0	7.3	-5.05	1.00028	-2.00057
3.852761871784747	-3.5159511200326934	-2.276837353953052	-1.3048531060179485	9.0968	-0.620096	2.43519	1477010499319639.0	7.4	-5.3	1.00003	-3.00012
4.063176950519014	-3.8699230708136363	-2.0072073339361456	-1.4316803591193699	9.27969	-0.635369	2.73629	1477010499419647.0	7.55	-5.55	1.99961	-1.99961
4.293093297513494	-4.232429667495238	-1.7434106774743772	-1.5480603567960782	9.6591	-0.646603	2.41719	1477010499519643.0	7.7	-5.8	1.00027	-3.00084
4.526223815410108	-4.595016218223586	-1.479535163863606	-1.6669290184770618	9.7353	-0.656464	2.7844	1477010499619634.0	7.85	-6.05	1.9998	-1.99981
4.777473315445377	-4.95460873879317	-1.2331489302122165	-1.7572181586906104	10.2057	-0.66388	2.032	1477010499719637.0	8.0	-6.25	1.00004	-2.00008
5.0493111736630425	-5.3417156759885795	-0.9592866158942179	-1.8948248120798135	10.382	-0.674723	3.36501	1477010499819647.0	8.15	-6.5	1.99951	-2.99928
5.316218542067837	-5.704471848261897	-0.7336312592422003	-1.9604457960375767	10.7955	-0.680973	1.7607	1477010499924653.0	8.3	-6.75	0.90921	-1.81841
5.611888496652779	-6.0999154154883275	-0.4846795279835231	-2.07037682645898	11.1716	-0.694584	2.79064	1477010500029640.0	8.4	-7.0	1.0001	-3.00036
5.878807845100359	-6.444049477601928	-0.26702740645954726	-2.1497905997283016	10.9872	-0.703397	2.84011	1477010500129657.0	8.55	-7.25	1.99907	-1.99908
6.173151217183672	-6.808345947961602	-0.04948859331460642	-2.2364703725844874	11.5795	-0.712791	2.85508	1477010500229651.0	8.7	-7.5	1.00058	-3.00174
6.444359683030455	-7.133562995567641	0.12076489606620111	-2.2711374940254103	11.7383	-0.721773	1.98214	1477010500329631.0	8.8	-7.75	0.999844	-1.99968
6.754229032389381	-7.503968318223426	0.3360345893782184	-2.373240082877771	12.1699	-0.728905	3.6081	1477010500429635.0	8.95	-8.0	2.00017	-3.00024
7.0204956980920405	-7.811636179614044	0.47693384885960377	-2.3907521168676347	12.2342	-0.737451	2.08465	1477010500529687.0	9.1	-8.25	0.998905	-1.99781
7.304903570126877	-8.141964026014678	0.6228798311384749	-2.4219573502345173	12.6512	-0.744494	2.40551	1477010500634757.0	9.2	-8.5	0.908863	-2.72657
7.562118427166009	-8.454286637904094	0.7399462411205211	-2.4349094160216493	12.6125	-0.757959	2.41541	1477010500744749.0	9.3	-8.8	0.909475	-2.72841
7.844367892054579	-8.79119406689525	0.8758956471288779	-2.4848748080419734	13.1952	-0.769299	3.02289	1477010500849738.0	9.4	-9.1	0.999765	-2.99935
8.092291782883384	-9.084588053419946	0.953445824232537	-2.47351813906989	13.3758	-0.777761	1.84184	1477010500954757.0	9.5	-9.35	0.908962	-1.81792
8.343310822933757	-9.391306629016343	1.036470436712276	-2.4792354320264463	13.5831	-0.785718	2.38885	1477010501064712.0	9.6	-9.6	0.909988	-2.72996
8.589938349809064	-9.700282031857078	1.115199256085287	-2.4929795571862257	13.8538	-0.796016	2.63696	1477010501174727.0	9.7	-9.9	0.907972	-2.7239
8.804595449792567	-9.980929074354608	1.1517832760050026	-2.4701663252937713	14.0227	-0.807641	1.93977	1477010501284719.0	9.75	-10.2	0.0	-2.73106
9.029026339961838	-10.283297268637414	1.2194168523473319	-2.4997788162908225	14.3811	-0.818753	3.01654	1477010501389643.0	9.8	-10.5	1.0	-2.99999
9.216036528409433	-10.55062391246771	1.2465971174579786	-2.4948207672781395	14.5653	-0.830443	2.32942	1477010501489636.0	9.85	-10.8	0.0	-3.00047
9.378526005542696	-10.804598248682153	1.2337048688638483	-2.455443001216437	14.9194	-0.843535	1.3418	1477010501589738.0	9.85	-11.05	0.0	-1.9956
9.531040499715571	-11.068270357542973	1.2283985814074034	-2.436511319634489	14.9674	-0.853527	1.98082	1477010501694757.0	9.85	-11.3	0.0	-2.73184
9.662055648307378	-11.331979572781803	1.2091275050866785	-2.417507384293377	15.1773	-0.869154	1.8979	1477010501799738.0	9.8	-11.6	-0.998566	-2.9957
9.78078563526589	-11.606460639678883	1.1895295861074864	-2.4130539693147797	15.4203	-0.884038	2.12451	1477010501904738.0	9.75	-11.9	0.0	-2.73084
9.857847336710673	-11.861703928731194	1.1196612827709538	-2.3614233081534857	15.5366	-0.901665	1.06967	1477010502014733.0	9.65	-12.2	-1.81598	-2.72396
9.890183033745028	-12.094975117356553	1.0107272605856426	-2.277772711408257	15.6711	-0.921787	0.222425	1477010502124705.0	9.45	-12.45	-1.82132	-1.82133
9.905755113434099	-12.339662936258941	0.9172783182064346	-2.2272431070209557	15.7693	-0.93835	0.863191	1477010502234675.0	9.3	-12.65	-0.908038	-1.81606
9.85506258333592	-12.517398212075335	0.7588317302098858	-2.0972573968900896	15.6491	-0.954916	-0.702749	1477010502344684.0	9.05	-12.85	-3.64007	-1.82004
9.766972300859317	-12.692074246697917	0.6017956187389611	-1.9910450207134553	15.6757	-0.979734	-0.475503	1477010502449731.0	8.75	-13.0	-1.9959	-0.997948
9.644127376148592	-12.834857100412025	0.4319556754383201	-1.8666710082593698	15.5584	-0.994038	-0.821157	1477010502554749.0	8.5	-13.1	-2.73149	-0.910502
9.494462007618234	-12.985439810898121	0.26402107030964966	-1.7567638345876821	15.5362	-1.01517	-0.66709	1477010502664734.0	8.2	-13.2	-2.72385	-0.907955
9.303457837065123	-13.090069638090984	0.07278794516206807	-1.6093784887292215	15.36	-1.03139	-1.35298	1477010502774815.0	7.9	-13.25	-2.72673	0.0
9.073987246631512	-13.164602873218989	-0.12687027220236968	-1.4521523322204604	15.1473	-1.05087	-1.53492	1477010502884773.0	7.6	-13.25	-2.72991	0.0
8.803476566508401	-13.187293271343231	-0.354425953380044	-1.2452128102718973	14.9795	-1.06989	-2.58841	1477010502994682.0	7.25	-13.2	-3.63887	0.909723
8.525284601380312	-13.23682346349627	-0.5388211826265866	-1.1128432915168216	14.8543	-1.08728	-1.23077	1477010503104728.0	6.9	-13.15	-2.72312	0.0
8.240682170289379	-13.28430068918178	-0.7181300618730764	-0.9845961515924199	14.9527	-1.10661	-1.43926	1477010503209733.0	6.6	-13.15	-3.00475	0.0
7.94475676760985	-13.280196960097832	-0.8989187574971627	-0.8278461471530151	14.6848	-1.11798	-1.7778	1477010503309715.0	6.35	-13.1	-1.9976	0.998786
7.632784039964259	-13.25468546336816	-1.077378274599886	-0.6586655168349865	14.5284	-1.13279	-1.95691	1477010503414775.0	6.1	-13.0	-2.72732	0.909111
7.290581293220585	-13.182999601759272	-1.259571672706795	-0.46659137518823113	14.1205	-1.14893	-2.0284	1477010503524740.0	5.8	-12.9	-2.72895	0.909657
6.9399337482835906	-13.0696794163341	-1.443246764426584	-0.2423124482135258	13.9407	-1.16209	-2.51174	1477010503634709.0	5.55	-12.75	-1.81808	1.81809
6.587854726379196	-12.9108172124689	-1.6196257576725812	0.006134038727773933	13.6781	-1.17045	-2.71295	1477010503744786.0	5.3	-12.55	-2.7236	1.81575
6.238285203475917	-12.75144560775884	-1.7782160225078618	0.23466496305517212	13.5987	-1.18335	-2.35186	1477010503854816.0	5.05	-12.35	-1.81967	1.81966
5.877146198717884	-12.497405872759185	-1.9452990606895626	0.5346137988975795	13.0294	-1.1923	-3.09079	1477010503964763.0	4.85	-12.1	-1.81844	2.72766
5.532649364171565	-12.221684819795694	-2.079417795206014	0.8035361350547121	12.6426	-1.19135	-2.14426	1477010504074727.0	4.7	-11.85	-0.909557	1.8191
5.211004076084649	-11.911068466546233	-2.2011515519194296	1.1043799553077247	12.532	-1.19356	-2.71022	1477010504184778.0	4.6	-11.6	-0.907782	2.72335
4.9065274733010895	-11.503082812778024	-2.320119692243033	1.4858149101733287	12.0277	-1.18903	-3.7137	1477010504294788.0	4.5	-11.25	-0.910253	3.64099
4.62809528820355	-11.146199209163987	-2.3911162724026407	1.7517139742893402	11.8559	-1.18496	-1.62718	1477010504404722.0	4.45	-10.95	0.0	1.81804
4.39833774864801	-10.809094181383376	-2.432418305641917	2.0030073978264205	12.0444	-1.17805	-1.73855	1477010504514788.0	4.45	-10.75	0.0	1.81614
4.178368615943066	-10.343460619060174	-2.4850784471550575	2.3731070520063358	11.3269	-1.16887	-3.27343	1477010504624801.0	4.45	-10.45	0.0	3.6396
3.9981781392813773	-9.888039029232603	-2.5006466664644713	2.685275505451459	11.0834	-1.15058	-2.17109	1477010504734696.0	4.5	-10.1	0.910021	2.73005
3.860524617384503	-9.406976940457072	-2.502857738116369	3.016657079938359	10.7623	-1.13022	-2.44174	1477010504839687.0	4.6	-9.8	0.999085	2.99725
3.742468250342275	-8.9408801635609	-2.4833219328842344	3.2889504166742185	10.4579	-1.11412	-1.35603	1477010504944672.0	4.7	-9.55	0.910095	1.82021
3.6588132965717883	-8.46879745388879	-2.4534536721797426	3.5705917247726813	10.4108	-1.0908	-1.78308	1477010505049655.0	4.85	-9.3	1.99828	2.99743
3.606666971264431	-7.9934635807307926	-2.413542886740769	3.850278007720731	10.3405	-1.06237	-1.95528	1477010505154742.0	5.0	-9.0	0.908384	2.72514
3.5722338809001686	-7.540469679778308	-2.3495043077513915	4.058339005506137	10.2601	-1.03811	-0.803907	1477010505264827.0	5.15	-8.75	1.81679	1.8168
3.5457676866195253	-7.069184627021663	-2.29670365313944	4.2837133311017235	10.037	-1.01005	-1.20349	1477010505374809.0	5.35	-8.5	1.82017	2.73024
3.545743924238038	-6.623763740619586	-2.2307619682412043	4.467760646358166	9.99123	-0.978202	-0.644215	1477010505484740.0	5.55	-8.25	1.81852	1.81852
3.5619991390396164	-6.208492530907766	-2.1635984543300086	4.617970615860141	10.0235	-0.949248	-0.364583	1477010505594751.0	5.75	-8.05	1.81752	1.81753
3.575573813987138	-5.809364159866391	-2.1111548918581753	4.7495633056667765	9.93472	-0.92343	-0.302353	1477010505704734.0	5.95	-7.85	1.8194	1.8194
3.5673697560708013	-5.385513603120487	-2.095252779589935	4.90445534566851	9.62546	-0.88994	-0.832488	1477010505814720.0	6.15	-7.6	1.81742	2.72613
3.598529707147223	-5.012934559579543	-2.040891038133879	4.983369488783478	9.67107	-0.855073	0.418138	1477010505924794.0	6.4	-7.35	2.7248	1.81653
3.638288095817522	-4.678199726325156	-1.9948432675519805	5.03098692591823	9.76103	-0.825526	0.489049	1477010506034803.0	6.65	-7.2	1.81957	0.909789
3.693557431263137	-4.38235177279021	-1.9500761564547056	5.0459402739327315	9.87674	-0.794649	0.607961	1477010506144717.0	6.9	-7.05	2.72946	1.81964
3.736903277626275	-4.099488168927406	-1.9405984571879475	5.060119028773483	9.86232	-0.763353	0.0351385	1477010506254753.0	7.15	-6.85	1.81554	1.81554
3.786982837792635	-3.843711013375157	-1.9345984598244612	5.046552551320595	9.85837	-0.736116	0.148173	1477010506364776.0	7.35	-6.65	1.82007	1.82007
3.8943787188222374	-3.634868011387436	-1.8644557772398107	4.9714288131593705	9.98613	-0.706558	1.37208	1477010506474740.0	7.6	-6.5	2.72628	0.908764
4.004088990455328	-3.459103370870331	-1.8220593389522395	4.881924806297809	10.1317	-0.684623	0.777791	1477010506584809.0	7.85	-6.4	1.81656	0.908285
4.137427618744314	-3.3060577458086113	-1.7645317881736728	4.770740347463424	10.1837	-0.658568	0.969682	1477010506694802.0	8.1	-6.25	2.73006	1.82003
4.305170573561596	-3.1642759077267564	-1.6789342723796419	4.646885744520358	10.2499	-0.623097	1.26912	1477010506804753.0	8.4	-6.05	2.72692	1.81795
4.484636411241571	-3.041812202039762	-1.6123796478108323	4.518894790305042	10.4301	-0.594934	0.657942	1477010506914753.0	8.65	-5.85	1.81844	1.81844
4.721892661273271	-2.9406879882064194	-1.489286458935196	4.3685948297142305	10.6686	-0.565194	1.34315	1477010507024799.0	8.9	-5.65	2.72464	1.81643
4.951177716311521	-2.8377178166287527	-1.3949491740414288	4.224998337874744	10.6386	-0.537333	0.800178	1477010507134822.0	9.15	-5.45	1.81916	1.81918
5.199610197058217	-2.7418315684043253	-1.2801547250458616	4.071282536849411	10.6468	-0.515691	1.14332	1477010507244770.0	9.35	-5.3	1.81895	0.909466
5.4682645459457495	-2.6679160221960903	-1.184170812554465	3.915652545580725	11.0213	-0.491273	0.378567	1477010507354696.0	9.55	-5.1	1.81986	2.72981
5.731935878383487	-2.573539242332654	-1.0764409840876787	3.7690544696506976	10.8076	-0.462569	0.808191	1477010507464670.0	9.75	-4.85	1.81736	1.81735
6.014606829008291	-2.4842242251354474	-0.9609760207976138	3.6227934538318065	10.9769	-0.436747	0.773696	1477010507574699.0	9.95	-4.65	1.81806	1.81805
6.37099430901763	-2.404306085035943	-0.7668798088124874	3.4691001559555317	11.3501	-0.410455	1.79691	1477010507684727.0	10.2	-4.45	2.72609	1.8174
6.6438051434391205	-2.311145852620796	-0.7023758115232313	3.3394999314150215	11.1934	-0.382691	-0.210545	1477010507794760.0	10.4	-4.2	0.908945	2.72688
6.963501483622533	-2.210259071654627	-0.5578409064442789	3.209402063522832	11.2679	-0.358104	1.20807	1477010507904742.0	10.55	-3.95	1.81903	1.81904
7.262147065433597	-2.097778493275654	-0.4416677276612737	3.091881168293625	11.2214	-0.330063	0.887286	1477010508014683.0	10.75	-3.7	1.81931	2.72896
7.544669968897003	-1.9914484793720906	-0.3600225763762895	2.988162583054129	11.3235	-0.30085	0.302095	1477010508119661.0	10.9	-3.4	0.999745	2.99928
7.850360675680475	-1.871044508459458	-0.22614530022699864	2.8907784652696953	11.3417	-0.277495	1.37716	1477010508224689.0	11.05	-3.15	1.81764	1.81765
8.12833953895864	-1.7408712779030373	-0.1539842374070427	2.7983563001650893	11.5166	-0.252737	0.253884	1477010508334672.0	11.2	-2.9	0.909657	2.72896
8.337483206568775	-1.6238277971670978	-0.18882678504092026	2.715918528342213	11.5547	-0.225803	-1.5427	1477010508439703.0	11.2	-2.6	-0.998725	2.99617
8.581830039233443	-1.4802774569860435	-0.12446608235412553	2.646467204505594	11.4655	-0.201037	0.457362	1477010508544784.0	11.2	-2.3	0.908813	2.72643
8.79786591796422	-1.3128420795453997	-0.07813726386630532	2.5847856613551956	11.3365	-0.175531	0.442173	1477010508654756.0	11.3	-2.0	0.909855	2.72956
